100000400,'Saturday-23',651,,5857,35,,,1,100,,5850,35,,,1,100,,5858,35,,,1,100,,5851,35,,,1,100,,5854,35,,,1,100,,5859,35,,,1,100,,5852,35,,,1,100,,5855,35,,,1,100,,5860,35,,,1,100,,5853,35,,,1,100,,5856,35,,,1,100,,5861,35,,,1
100000400,'Saturday-33',651,,5869,35,,,1,100,,5862,35,,,1,100,,5870,35,,,1,100,,5863,35,,,1,100,,5866,35,,,1,100,,5871,35,,,1,100,,5864,35,,,1,100,,5867,35,,,1,100,,5872,35,,,1,100,,5865,35,,,1,100,,5868,35,,,1,100,,5873,35,,,1
100000400,'Weekday-30',558,,5881,12,,,1,60,,5887,12,,,1,20,,5892,12,,,1,20,,5874,12,,,1,47,,5890,35,,,1,34,,5891,35,,,1,20,,5882,35,,,1,60,,5885,35,,,1,39,,5886,35,,,1,70,,5877,35,,,1,100,,5888,35,,,1,100,,5878,35,,,1,100,,5894,35,,,1,100,,5879,35,,,1,30,,5880,35,,,1,100,,5895,35,,,1,64,,5897,35,,,1,36,,5883,35,,,1,62,,5889,35,,,1,19,,5875,35,,,1,20,,5896,35,,,1,60,,5898,35,,,1,18,,5884,35,,,1,20,,5899,35,,,1,61,,5876,35,,,1,20,,5893,35,,,1
100000801,'Saturday-23',620,,6097,26,,,1,100,,6085,32,,,1,100,,6086,32,,,1,100,,6087,32,,,1,100,,6088,32,,,1,100,,6089,32,,,1,100,,6090,32,,,1,100,,6091,32,,,1,100,,6092,32,,,1,100,,6093,32,,,1,100,,6094,32,,,1,100,,6095,32,,,1,100,,6096,32,,,1
100000801,'Saturday-33',650,,6098,32,,,1,100,,6099,32,,,1,100,,6100,32,,,1,100,,6101,32,,,1,100,,6102,32,,,1,100,,6103,32,,,1,100,,6104,32,,,1,100,,6105,32,,,1,100,,6106,32,,,1,100,,6107,32,,,1,100,,6108,32,,,1,100,,6109,32,,,1
100000801,'Weekday-30',857,,6121,32,,,1,100,,6125,32,,,1,100,,6123,32,,,1,100,,6117,32,,,1,100,,6115,32,,,1,100,,6112,32,,,1,100,,6122,32,,,1,62,,6126,32,,,1,36,,6124,32,,,1,60,,6120,32,,,1,20,,6110,32,,,1,21,,6119,32,,,1,59,,6111,32,,,1,22,,6116,32,,,1,19,,6114,32,,,1,62,,6118,32,,,1,19,,6113,32,,,1
100001400,'Saturday-23',624,,6171,11,,,1,100,,6162,11,,,1,100,,6172,11,,,1,100,,6163,11,,,1,100,,6173,11,,,1,100,,6164,11,,,1,100,,6174,11,,,1,100,,6165,11,,,1,100,,6175,11,,,1,100,,6166,11,,,1,100,,6176,11,,,1,100,,6167,11,,,1,100,,6177,11,,,1,100,,6168,11,,,1,100,,6178,11,,,1,100,,6169,11,,,1,96,,6179,11,,,1,100,,6170,11,,,1
100001400,'Saturday-33',624,,6189,11,,,1,100,,6180,11,,,1,100,,6190,11,,,1,100,,6181,11,,,1,100,,6191,11,,,1,100,,6182,11,,,1,100,,6192,11,,,1,100,,6183,11,,,1,100,,6193,11,,,1,100,,6184,11,,,1,100,,6194,11,,,1,100,,6185,11,,,1,100,,6195,11,,,1,100,,6186,11,,,1,100,,6196,11,,,1,100,,6187,11,,,1,100,,6197,11,,,1,100,,6188,11,,,1
100001400,'Sunday-32',631,,6204,11,,,1,100,,6198,11,,,1,100,,6205,11,,,1,100,,6199,11,,,1,100,,6206,11,,,1,100,,6200,11,,,1,100,,6207,11,,,1,100,,6201,11,,,1,100,,6208,11,,,1,100,,6202,11,,,1,100,,6209,11,,,1,100,,6203,11,,,1,100,,6210,11,,,1
100001400,'Sunday-52',624,,6217,11,,,1,100,,6211,11,,,1,100,,6218,11,,,1,100,,6212,11,,,1,100,,6219,11,,,1,100,,6213,11,,,1,100,,6220,11,,,1,100,,6214,11,,,1,100,,6221,11,,,1,100,,6215,11,,,1,100,,6222,11,,,1,100,,6216,11,,,1,100,,6223,11,,,1
100001400,'Weekday-30',538,,6231,11,,,1,20,,6239,11,,,1,60,,6251,11,,,1,20,,6240,11,,,1,20,,6252,11,,,1,60,,6238,11,,,1,21,,6224,11,,,1,20,,6237,11,,,1,60,,6225,11,,,1,40,,6226,11,,,1,70,,6228,11,,,1,100,,6250,11,,,1,100,,6255,11,,,1,100,,6235,11,,,1,100,,6227,11,,,1,100,,6243,11,,,1,92,,6253,11,,,1,22,,6244,11,,,1,16,,6232,11,,,1,60,,6256,11,,,1,20,,6233,11,,,1,20,,6241,11,,,1,60,,6234,11,,,1,20,,6242,11,,,1,20,,6229,11,,,1,60,,6254,11,,,1,20,,6230,11,,,1,20,,6248,11,,,1,61,,6236,11,,,1,19,,6245,11,,,1,69,,6249,11,,,1,31,,6246,11,,,1,100,,6257,11,,,1,100,,6247,11,,,1,100,,6258,11,,,1
