20100,'Saturday-23',530,,5431,2,0,5,1,100,,5443,2,0,5,1,100,,5436,2,0,5,1,100,,5447,2,0,5,1,100,,5435,2,0,5,1,100,,5446,2,0,5,1,100,,5439,2,0,5,1,100,,5445,2,0,5,1,100,,5433,2,0,5,1,100,,5442,2,0,5,1,100,,5440,2,0,5,1,100,,5444,2,0,5,1,100,,5438,2,0,5,1,100,,5441,2,0,5,1,100,,5432,2,0,5,1,100,,5449,2,0,5,1,100,,5437,2,0,5,1,100,,5448,2,0,5,1,100,,5434,2,0,5,1
20100,'Saturday-33',530,,5450,2,0,5,1,100,,5463,2,0,5,1,100,,5451,2,0,5,1,100,,5464,2,0,5,1,100,,5452,2,0,5,1,100,,5465,2,0,5,1,100,,5453,2,0,5,1,100,,5466,2,0,5,1,100,,5454,2,0,5,1,100,,5467,2,0,5,1,100,,5455,2,0,5,1,100,,5468,2,0,5,1,100,,5456,2,0,5,1,100,,5460,2,0,5,1,100,,5457,2,0,5,1,100,,5461,2,0,5,1,100,,5458,2,0,5,1,100,,5462,2,0,5,1,100,,5459,2,0,5,1
20100,'Sunday-32',535,,5475,2,0,5,1,100,,5476,2,0,5,1,100,,5469,2,0,5,1,100,,5477,2,0,5,1,100,,5470,2,0,5,1,100,,5478,2,0,5,1,100,,5471,2,0,5,1,100,,5479,2,0,5,1,100,,5472,2,0,5,1,100,,5480,2,0,5,1,100,,5473,2,0,5,1,100,,5481,2,0,5,1,100,,5474,2,0,5,1,100,,5482,2,0,5,1
20100,'Sunday-52',530,,5486,2,0,5,1,100,,5492,2,0,5,1,100,,5484,2,0,5,1,100,,5491,2,0,5,1,100,,5485,2,0,5,1,100,,5495,2,0,5,1,100,,5488,2,0,5,1,100,,5493,2,0,5,1,100,,5487,2,0,5,1,100,,5496,2,0,5,1,100,,5489,2,0,5,1,100,,5494,2,0,5,1,100,,5483,2,0,5,1,100,,5490,2,0,5,1
20100,'Weekday-30',520,,5512,2,0,5,1,25,,5514,2,0,5,1,60,,5502,2,0,5,1,20,,5507,2,0,5,1,20,,5513,2,0,5,1,60,,5497,2,,,1,20,,5515,2,,,1,20,,5517,2,0,5,1,60,,5503,2,,,1,20,,5522,2,,,1,80,,5509,2,,,1,100,,5518,2,,,1,100,,5521,2,,,1,100,,5508,2,,,1,100,,5525,2,0,5,1,100,,5519,2,0,5,1,100,,5510,2,0,5,1,23,,5506,2,0,5,1,77,,5520,2,0,5,1,22,,5516,2,,,1,18,,5511,2,0,5,1,60,,5523,2,,,1,20,,5500,2,0,5,1,20,,5498,2,0,5,1,60,,5527,2,0,5,1,40,,5499,2,0,5,1,100,,5529,2,0,5,1,100,,5504,2,0,5,1,100,,5528,2,0,5,1,100,,5505,2,0,5,1,100,,5526,2,0,5,1
20200,'Weekday-30',605,,5636,2,,,1,20,,5633,2,,,1,20,,5644,2,,,1,60,,5643,2,,,1,20,,5638,2,,,1,20,,5627,2,,,1,60,,5637,2,,,1,20,,5631,2,,,1,80,,5646,2,,,1,100,,5642,2,,,1,100,,5634,2,,,1,100,,5640,2,,,1,100,,5645,2,,,1,100,,5647,2,,,1,100,,5628,2,,,1,23,,5639,2,,,1,77,,5630,2,,,1,22,,5635,2,,,1,18,,5632,2,,,1,60,,5641,2,,,1,20,,5629,2,,,1
20300,'Weekday-30',605,,5694,2,,,1,20,,5702,2,,,1,20,,5692,2,,,1,60,,5704,2,,,1,20,,5699,2,,,1,20,,5695,2,,,1,60,,5696,2,,,1,20,,5689,2,,,1,80,,5691,2,,,1,100,,5690,2,,,1,100,,5697,2,,,1,100,,5705,2,,,1,100,,5698,2,,,1,100,,5693,2,,,1,100,,5703,2,,,1,23,,5687,2,,,1,77,,5706,2,,,1,22,,5700,2,,,1,18,,5707,2,,,1,60,,5701,2,,,1,20,,5688,2,,,1
100002101,'Weekday-30',645,,6355,2,,,1,64,,6354,2,,,1,19,,6356,2,,,1
100003101,'Saturday-23',615,,6418,2,,,1,100,,6419,2,,,1,100,,6420,2,,,1,100,,6421,2,,,1,100,,6426,2,,,1,100,,6422,2,,,1,100,,6427,2,,,1,100,,6423,2,,,1,100,,6428,2,,,1,100,,6424,2,,,1,100,,6429,2,,,1,100,,6425,2,,,1,100,,6430,2,,,1
100003101,'Saturday-33',615,,6431,2,,,1,100,,6432,2,,,1,100,,6433,2,,,1,100,,6434,2,,,1,100,,6439,2,,,1,100,,6435,2,,,1,100,,6440,2,,,1,100,,6436,2,,,1,100,,6441,2,,,1,100,,6437,2,,,1,100,,6442,2,,,1,100,,6438,2,,,1,100,,6443,2,,,1
100003101,'Weekday-30',809,,6452,2,,,1,41,,6444,2,,,1,100,,6445,2,,,1,100,,6446,2,,,1,100,,6447,2,,,1,100,,6448,2,,,1,100,,6449,2,,,1,100,,6450,2,,,1,55,,6456,2,,,1,45,,6451,2,,,1,100,,6454,2,,,1,80,,6455,2,,,1,80,,6453,2,,,1
100003201,'Saturday-23',615,,6501,2,,,1,100,,6502,2,,,1,100,,6503,2,,,1,100,,6504,2,,,1,100,,6496,2,,,1,100,,6507,2,,,1,100,,6497,2,,,1,100,,6505,2,,,1,100,,6498,2,,,1,100,,6508,2,,,1,100,,6499,2,,,1,100,,6506,2,,,1,100,,6500,2,,,1
100003201,'Saturday-33',615,,6514,2,,,1,100,,6515,2,,,1,100,,6516,2,,,1,100,,6517,2,,,1,100,,6509,2,,,1,100,,6520,2,,,1,100,,6510,2,,,1,100,,6518,2,,,1,100,,6511,2,,,1,100,,6521,2,,,1,100,,6512,2,,,1,100,,6519,2,,,1,100,,6513,2,,,1
100003201,'Weekday-30',545,,6530,2,,,1,99,,6532,2,,,1,101,,6524,2,0,7,1,61,,6533,2,0,7,1,39,,6531,2,,,1,100,,6529,2,,,1,100,,6526,2,,,1,100,,6523,2,,,1,100,,6535,2,,,1,100,,6537,2,,,1,90,,6534,2,,,1,24,,6525,2,,,1,61,,6536,2,,,1,25,,6522,2,,,1
