20101,'Saturday-23',645,6,5538,23,,,1,100,6,5546,23,,,1,100,6,5537,23,,,1,100,3,5547,23,,,1,100,3,5531,23,,,1,100,3,5541,23,,,1,100,3,5532,23,,,1,100,3,5542,23,,,1,100,3,5530,23,,,1,100,3,5543,23,,,1,100,3,5534,23,,,1,100,3,5545,23,,,1,100,2,5536,23,,,1,100,2,5540,23,,,1,100,2,5533,23,,,1,98,2,5544,23,,,1,100,2,5539,23,,,1,98,,5548,23,4,,1,100,,5535,23,4,,1
20101,'Saturday-33',645,2,5549,23,,,1,100,2,5559,23,,,1,100,2,5550,23,,,1,100,2,5560,23,,,1,100,2,5551,23,,,1,100,2,5561,23,,,1,100,2,5552,23,,,1,100,2,5562,23,,,1,100,2,5553,23,,,1,100,2,5563,23,,,1,100,2,5554,23,,,1,100,2,5564,23,,,1,100,2,5555,23,,,1,100,2,5565,23,,,1,100,2,5556,23,,,1,100,2,5566,23,,,1,100,2,5557,23,,,1,98,,5567,23,4,,1,100,,5558,23,4,,1
20101,'Sunday-32',643,,5568,23,,,1,100,,5575,23,,,1,100,,5569,23,,,1,100,,5576,23,,,1,100,,5570,23,,,1,100,,5577,23,,,1,100,,5571,23,,,1,100,,5578,23,,,1,100,,5572,23,,,1,100,,5579,23,,,1,100,,5573,23,,,1,100,,5580,23,,,1,100,,5574,23,4,,1,100,,5581,23,4,,1
20101,'Sunday-52',634,,5585,23,,,1,100,,5595,23,,,1,106,,5584,23,,,1,100,,5594,23,,,1,105,,5586,23,,,1,100,,5593,23,,,1,100,,5587,23,,,1,100,,5592,23,,,1,100,,5588,23,,,1,100,,5591,23,,,1,100,,5583,23,,,1,100,,5590,23,,,1,95,,5582,23,4,,1,100,,5589,23,4,,1
20101,'Weekday-30',628,,5609,23,,,1,30,,5611,23,,,1,63,,5601,23,,,1,20,,5604,23,,,1,80,,5610,23,,,1,97,,5616,23,,,1,100,,5618,23,,,1,100,,5606,23,,,1,100,,5613,23,,,1,100,,5619,23,,,1,100,,5605,23,,,1,20,,5621,23,,,1,80,,5598,23,,,1,23,,5614,23,,,1,60,,5599,23,,,1,19,,5620,23,,,1,21,,5607,23,,,1,60,,5622,23,,,1,20,,5617,23,,,1,21,,5615,23,,,1,61,,5608,23,,,1,17,,5612,23,,,1,23,,5600,23,4,,1,63,,5596,23,,,1,25,,5625,23,,,1,69,42,5597,23,,,1,100,42,5626,23,,,1,100,42,5602,23,,,1,100,42,5623,23,,,1,58,,5603,23,4,,1,100,,5624,23,4,,1
20201,'Weekday-30',723,2,5656,12,,,1,20,2,5652,12,,,1,80,2,5663,12,,,1,97,2,5657,12,,,1,100,2,5667,12,,,1,100,2,5660,12,,,1,100,2,5653,12,,,1,100,2,5661,12,,,1,100,2,5666,12,,,1,20,2,5665,12,,,1,78,2,5668,12,,,1,25,2,5664,12,,,1,60,2,5655,12,,,1,20,2,5658,12,,,1,20,2,5648,12,,,1,60,2,5659,12,,,1,20,2,5650,12,,,1,21,2,5654,12,,,1,61,2,5651,12,,,1,17,2,5662,12,,,1,20,2,5649,12,,,1
20301,'Saturday-23',1040,,5708,9,4,,1,100,,5713,9,4,,1,100,,5709,9,4,,1,100,,5714,9,4,,1,100,,5710,9,4,,1,100,,5715,9,4,,1,100,,5711,9,4,,1,100,,5716,9,4,,1,100,,5712,9,4,,1
20301,'Saturday-33',1043,,5717,9,4,,1,100,,5722,9,4,,1,100,,5718,9,4,,1,100,,5723,9,4,,1,100,,5719,9,4,,1,100,,5724,9,4,,1,100,,5720,9,4,,1,100,,5725,9,4,,1,100,,5721,9,4,,1
20301,'Weekday-30',721,,5731,9,,,1,20,,5738,9,,,1,80,,5741,9,,,1,97,,5732,9,,,1,100,,5729,9,,,1,100,,5728,9,,,1,100,,5733,9,,,1,100,,5742,9,,,1,100,,5739,9,,,1,20,,5734,9,,,1,80,,5730,9,,,1,23,,5735,9,,,1,82,,5744,9,,,1,18,,5740,9,,,1,60,,5726,9,,,1,22,,5743,9,,,1,19,,5736,9,,,1,61,,5745,9,,,1,17,,5737,9,,,1,23,,5727,9,,,1
20801,'Weekday-30',1541,,5819,8,,,1,60,,5815,8,,,1,20,,5820,8,,,1,20,,5821,8,,,1,60,,5818,8,,,1,20,,5817,8,,,1,21,,5816,8,,,1
21101,'Weekday-30',1601,,5829,10,,,1,40,,5828,10,,,1,60,,5827,10,,,1,20,,5825,10,,,1,21,,5826,10,,,1
