20100,'Saturday-23',530,,5431,1,0,5,1,100,,5443,1,0,5,1,100,,5436,1,0,5,1,100,,5447,1,0,5,1,100,,5435,1,0,5,1,100,,5446,1,0,5,1,100,,5439,1,0,5,1,100,,5445,1,0,5,1,100,,5433,1,0,5,1,100,,5442,1,0,5,1,100,,5440,1,0,5,1,100,,5444,1,0,5,1,100,,5438,1,0,5,1,100,,5441,1,0,5,1,100,,5432,1,0,5,1,100,,5449,1,0,5,1,100,,5437,1,0,5,1,100,,5448,1,0,5,1,100,,5434,1,0,5,1
20100,'Saturday-33',530,,5450,1,0,5,1,100,,5463,1,0,5,1,100,,5451,1,0,5,1,100,,5464,1,0,5,1,100,,5452,1,0,5,1,100,,5465,1,0,5,1,100,,5453,1,0,5,1,100,,5466,1,0,5,1,100,,5454,1,0,5,1,100,,5467,1,0,5,1,100,,5455,1,0,5,1,100,,5468,1,0,5,1,100,,5456,1,0,5,1,100,,5460,1,0,5,1,100,,5457,1,0,5,1,100,,5461,1,0,5,1,100,,5458,1,0,5,1,100,,5462,1,0,5,1,100,,5459,1,0,5,1
20100,'Sunday-32',535,,5475,1,0,5,1,100,,5476,1,0,5,1,100,,5469,1,0,5,1,100,,5477,1,0,5,1,100,,5470,1,0,5,1,100,,5478,1,0,5,1,100,,5471,1,0,5,1,100,,5479,1,0,5,1,100,,5472,1,0,5,1,100,,5480,1,0,5,1,100,,5473,1,0,5,1,100,,5481,1,0,5,1,100,,5474,1,0,5,1,100,,5482,1,0,5,1
20100,'Sunday-52',530,,5486,1,0,5,1,100,,5492,1,0,5,1,100,,5484,1,0,5,1,100,,5491,1,0,5,1,100,,5485,1,0,5,1,100,,5495,1,0,5,1,100,,5488,1,0,5,1,100,,5493,1,0,5,1,100,,5487,1,0,5,1,100,,5496,1,0,5,1,100,,5489,1,0,5,1,100,,5494,1,0,5,1,100,,5483,1,0,5,1,100,,5490,1,0,5,1
20100,'Weekday-30',520,,5512,1,0,5,1,25,,5514,1,0,5,1,60,,5502,1,0,5,1,20,,5507,1,0,5,1,20,,5513,1,0,5,1,60,,5497,1,,,1,20,,5515,1,,,1,20,,5517,1,0,5,1,60,,5503,1,,,1,20,,5522,1,,,1,80,,5509,1,,,1,100,,5518,1,,,1,100,,5521,1,,,1,100,,5508,1,,,1,100,,5525,1,0,5,1,100,,5519,1,0,5,1,100,,5510,1,0,5,1,23,,5506,1,0,5,1,77,,5520,1,0,5,1,22,,5516,1,,,1,18,,5511,1,0,5,1,60,,5523,1,,,1,20,,5500,1,0,5,1,20,,5498,1,0,5,1,60,,5527,1,0,5,1,40,,5499,1,0,5,1,100,,5529,1,0,5,1,100,,5504,1,0,5,1,100,,5528,1,0,5,1,100,,5505,1,0,5,1,100,,5526,1,0,5,1
20101,'Saturday-23',653,,5538,27,4,,1,100,,5546,27,4,,1,100,,5537,27,4,,1,101,,5547,27,4,,1,100,,5531,27,4,,1,100,,5541,27,4,,1,100,,5532,27,4,,1,100,,5542,27,4,,1,100,,5530,27,4,,1,100,,5543,27,4,,1,100,,5534,27,4,,1,100,,5545,27,4,,1,99,,5536,27,4,,1,102,,5540,27,4,,1,100,,5533,27,4,,1,96,,5544,27,4,,1,100,,5539,27,4,,1
20101,'Saturday-33',655,,5549,27,4,,1,100,,5559,27,4,,1,100,,5550,27,4,,1,100,,5560,27,4,,1,100,,5551,27,4,,1,100,,5561,27,4,,1,100,,5552,27,4,,1,100,,5562,27,4,,1,100,,5553,27,4,,1,100,,5563,27,4,,1,100,,5554,27,4,,1,100,,5564,27,4,,1,100,,5555,27,4,,1,100,,5565,27,4,,1,100,,5556,27,4,,1,100,,5566,27,4,,1,100,,5557,27,4,,1
20101,'Sunday-32',653,,5568,27,4,,1,100,,5575,27,4,,1,100,,5569,27,4,,1,100,,5576,27,4,,1,100,,5570,27,4,,1,100,,5577,27,4,,1,100,,5571,27,4,,1,100,,5578,27,4,,1,100,,5572,27,4,,1,100,,5579,27,4,,1,100,,5573,27,4,,1,100,,5580,27,4,,1
20101,'Sunday-52',642,,5585,27,4,,1,100,,5595,27,4,,1,106,,5584,27,4,,1,100,,5594,27,4,,1,106,,5586,27,4,,1,100,,5593,27,4,,1,100,,5587,27,4,,1,100,,5592,27,4,,1,100,,5588,27,4,,1,100,,5591,27,4,,1,100,,5583,27,4,,1,100,,5590,27,4,,1
20101,'Weekday-30',638,,5609,27,4,,1,70,,5611,27,4,,1,25,,5601,27,4,,1,20,,5604,27,4,,1,80,,5610,27,4,,1,97,,5616,27,4,,1,100,,5618,27,4,,1,100,,5606,27,4,,1,100,,5613,27,4,,1,100,,5619,27,4,,1,100,,5605,27,4,,1,20,,5621,27,4,,1,80,,5598,27,4,,1,23,,5614,27,4,,1,60,,5599,27,4,,1,20,,5620,27,4,,1,20,,5607,27,4,,1,60,,5622,27,4,,1,20,,5617,27,4,,1,21,,5615,27,4,,1,61,,5608,27,4,,1,15,,5612,27,4,,1,88,,5596,27,4,,1,25,,5625,27,4,,1,65,,5597,27,4,,1,100,,5626,27,4,,1,100,,5602,27,4,,1,100,,5623,27,4,,1
20200,'Weekday-30',605,,5636,1,,,1,20,,5633,1,,,1,20,,5644,1,,,1,60,,5643,1,,,1,20,,5638,1,,,1,20,,5627,1,,,1,60,,5637,1,,,1,20,,5631,1,,,1,80,,5646,1,,,1,100,,5642,1,,,1,100,,5634,1,,,1,100,,5640,1,,,1,100,,5645,1,,,1,100,,5647,1,,,1,100,,5628,1,,,1,23,,5639,1,,,1,77,,5630,1,,,1,22,,5635,1,,,1,18,,5632,1,,,1,60,,5641,1,,,1,20,,5629,1,,,1
20201,'Weekday-30',733,,5656,21,4,,1,20,,5652,21,4,,1,80,,5663,21,4,,1,97,,5657,21,4,,1,100,,5667,21,4,,1,100,,5660,21,4,,1,100,,5653,21,4,,1,100,,5661,21,4,,1,100,,5666,21,4,,1,20,,5665,21,4,,1,80,,5668,21,4,,1,23,,5664,21,4,,1,60,,5655,21,4,,1,20,,5658,21,4,,1,20,,5648,21,4,,1,60,,5659,21,4,,1,20,,5650,21,4,,1,21,,5654,21,4,,1,61,,5651,21,4,,1,18,,5662,21,4,,1,19,,5649,21,4,,1
20300,'Weekday-30',605,,5694,1,,,1,20,,5702,1,,,1,20,,5692,1,,,1,60,,5704,1,,,1,20,,5699,1,,,1,20,,5695,1,,,1,60,,5696,1,,,1,20,,5689,1,,,1,80,,5691,1,,,1,100,,5690,1,,,1,100,,5697,1,,,1,100,,5705,1,,,1,100,,5698,1,,,1,100,,5693,1,,,1,100,,5703,1,,,1,23,,5687,1,,,1,77,,5706,1,,,1,22,,5700,1,,,1,18,,5707,1,,,1,60,,5701,1,,,1,20,,5688,1,,,1
20301,'Weekday-30',733,,5731,13,4,,1,20,,5738,13,4,,1,80,,5741,13,4,,1,97,,5732,13,4,,1,100,,5729,13,4,,1,100,,5728,13,4,,1,100,,5733,13,4,,1,100,,5742,13,4,,1,100,,5739,13,4,,1,20,,5734,13,4,,1,80,,5730,13,4,,1,23,,5735,13,4,,1,81,,5744,13,4,,1,19,,5740,13,4,,1,60,,5726,13,4,,1,21,,5743,13,4,,1,20,,5736,13,4,,1,61,,5745,13,4,,1,15,,5737,13,4,,1,25,,5727,13,4,,1
20800,'Weekday-30',605,,5809,1,,,1,20,,5810,1,,,1,20,,5811,1,,,1,60,,5813,1,,,1,20,,5808,1,,,1,20,,5812,1,,,1,60,,5814,1,,,1
20801,'Weekday-30',1553,,5819,11,4,,1,60,,5815,11,4,,1,20,,5820,11,4,,1,20,,5821,11,4,,1,60,,5818,11,4,,1,20,,5817,11,4,,1,21,,5816,11,4,,1
600000101,'Saturday-23',940,,6628,1,,,1,18,,6628,3,4,,1,42,,6629,1,,,1,18,,6629,3,4,,1,2,,6630,1,,,1,18,,6630,3,4,,1,2,,6631,1,,,1,18,,6631,3,4,,1,42,,6632,1,,,1,18,,6632,3,4,,1,2,,6633,1,,,1,18,,6633,3,4,,1,2,,6634,1,,,1,18,,6634,3,4,,1,42,,6635,1,,,1,18,,6635,3,4,,1,2,,6636,1,,,1,18,,6636,3,4,,1,2,,6637,1,,,1,18,,6637,3,4,,1,42,,6638,1,,,1,18,,6638,3,4,,1,2,,6639,1,,,1,18,,6639,3,4,,1,2,,6640,1,,,1,18,,6640,3,4,,1,42,,6641,1,,,1,18,,6641,3,4,,1,2,,6642,1,,,1,18,,6642,3,4,,1,2,,6643,1,,,1,18,,6643,3,4,,1,42,,6644,1,,,1,18,,6644,3,4,,1,2,,6645,1,,,1,18,,6645,3,4,,1
600000101,'Saturday-33',940,,6646,1,,,1,18,,6646,3,4,,1,42,,6647,1,,,1,18,,6647,3,4,,1,2,,6648,1,,,1,18,,6648,3,4,,1,2,,6649,1,,,1,18,,6649,3,4,,1,42,,6650,1,,,1,18,,6650,3,4,,1,2,,6651,1,,,1,18,,6651,3,4,,1,2,,6652,1,,,1,18,,6652,3,4,,1,42,,6653,1,,,1,18,,6653,3,4,,1,2,,6654,1,,,1,18,,6654,3,4,,1,2,,6655,1,,,1,18,,6655,3,4,,1,42,,6656,1,,,1,18,,6656,3,4,,1,2,,6657,1,,,1,18,,6657,3,4,,1,2,,6658,1,,,1,18,,6658,3,4,,1,42,,6659,1,,,1,18,,6659,3,4,,1,2,,6660,1,,,1,18,,6660,3,4,,1,2,,6661,1,,,1,18,,6661,3,4,,1,42,,6662,1,,,1,18,,6662,3,4,,1,2,,6663,1,,,1,18,,6663,3,4,,1
