20101,'Saturday-23',648,,5538,24,,,1,100,,5546,24,,,1,100,,5537,24,,,1,100,,5547,24,,,1,100,,5531,24,,,1,100,,5541,24,,,1,100,,5532,24,,,1,100,,5542,24,,,1,100,,5530,24,,,1,100,,5543,24,,,1,100,,5534,24,,,1,100,,5545,24,,,1,100,,5536,24,,,1,100,,5540,24,,,1,100,,5533,24,,,1,98,,5544,24,,,1,100,,5539,24,,,1
20101,'Saturday-33',648,,5549,24,,,1,100,,5559,24,,,1,100,,5550,24,,,1,100,,5560,24,,,1,100,,5551,24,,,1,100,,5561,24,,,1,100,,5552,24,,,1,100,,5562,24,,,1,100,,5553,24,,,1,100,,5563,24,,,1,100,,5554,24,,,1,100,,5564,24,,,1,100,,5555,24,,,1,100,,5565,24,,,1,100,,5556,24,,,1,100,,5566,24,,,1,100,,5557,24,,,1
20101,'Sunday-32',646,,5568,24,,,1,100,,5575,24,,,1,100,,5569,24,,,1,100,,5576,24,,,1,100,,5570,24,,,1,100,,5577,24,,,1,100,,5571,24,,,1,100,,5578,24,,,1,100,,5572,24,,,1,100,,5579,24,,,1,100,,5573,24,,,1,100,,5580,24,,,1
20101,'Sunday-52',637,,5585,24,,,1,100,,5595,24,,,1,106,,5584,24,,,1,100,,5594,24,,,1,105,,5586,24,,,1,100,,5593,24,,,1,100,,5587,24,,,1,100,,5592,24,,,1,100,,5588,24,,,1,100,,5591,24,,,1,100,,5583,24,,,1,100,,5590,24,,,1
20101,'Weekday-30',631,,5609,24,,,1,70,,5611,24,,,1,24,,5601,24,,,1,20,,5604,24,,,1,80,,5610,24,,,1,97,,5616,24,,,1,100,,5618,24,,,1,100,,5606,24,,,1,100,,5613,24,,,1,100,,5619,24,,,1,100,,5605,24,,,1,20,,5621,24,,,1,80,,5598,24,,,1,23,,5614,24,,,1,60,,5599,24,,,1,20,,5620,24,,,1,20,,5607,24,,,1,60,,5622,24,,,1,20,,5617,24,,,1,21,,5615,24,,,1,61,,5608,24,,,1,16,,5612,24,,,1,87,,5596,24,,,1,25,,5625,24,,,1,68,,5597,24,,,1,100,,5626,24,,,1,100,,5602,24,,,1,100,,5623,24,,,1
20301,'Weekday-30',725,,5731,10,,,1,20,,5738,10,,,1,80,,5741,10,,,1,97,,5732,10,,,1,100,,5729,10,,,1,100,,5728,10,,,1,100,,5733,10,,,1,100,,5742,10,,,1,100,,5739,10,,,1,20,,5734,10,,,1,80,,5730,10,,,1,23,,5735,10,,,1,82,,5744,10,,,1,18,,5740,10,,,1,60,,5726,10,,,1,22,,5743,10,,,1,19,,5736,10,,,1,61,,5745,10,,,1,16,,5737,10,,,1,24,,5727,10,,,1
100000900,'Weekday-30',704,,6136,2,,,1,23,,6128,2,,,1,880,,6133,2,,,1,20,,6129,2,,,1,21,,6131,2,,,1,59,,6134,2,,,1,20,,6130,2,,,1,21,,6132,2,,,1,61,,6135,2,,,1,20,,6127,2,,,1
100001300,'Weekday-30',1607,,6161,2,,,1,20,,6154,2,,,1,20,,6159,2,,,1,62,,6155,2,,,1,20,,6158,2,,,1,19,,6156,2,,,1,60,,6160,2,,,1,20,,6157,2,,,1
100003200,'Saturday-23',647,,6457,2,,,1,100,,6458,2,,,1,100,,6459,2,,,1,100,,6465,2,,,1,100,,6461,2,,,1,100,,6462,2,,,1,100,,6466,2,,,1,100,,6467,2,,,1,100,,6463,2,,,1,100,,6464,2,,,1,100,,6468,2,,,1,100,,6469,2,,,1
100003200,'Saturday-33',647,,6474,2,,,1,100,,6475,2,,,1,100,,6476,2,,,1,100,,6477,2,,,1,100,,6470,2,,,1,100,,6471,2,,,1,100,,6478,2,,,1,100,,6479,2,,,1,100,,6472,2,,,1,100,,6473,2,,,1,100,,6480,2,,,1,100,,6481,2,,,1
100003200,'Weekday-30',701,,6489,2,,,1,27,,6491,2,,,1,97,,6483,2,,,1,99,,6490,2,,,1,100,,6488,2,,,1,100,,6486,2,,,1,100,,6484,2,,,1,101,,6493,2,,,1,100,,6495,2,,,1,20,,6494,2,,,1,77,,6492,2,,,1,25,,6485,2,,,1,87,,6487,2,,,1
100003300,'Saturday-23',647,,6543,2,,,1,100,,6544,2,,,1,100,,6545,2,,,1,100,,6538,2,,,1,100,,6549,2,,,1,100,,6539,2,,,1,100,,6546,2,,,1,100,,6540,2,,,1,100,,6550,2,,,1,100,,6541,2,,,1,100,,6547,2,,,1,100,,6542,2,,,1
100003300,'Saturday-33',647,,6556,2,,,1,100,,6557,2,,,1,100,,6558,2,,,1,100,,6551,2,,,1,100,,6562,2,,,1,100,,6552,2,,,1,100,,6559,2,,,1,100,,6553,2,,,1,100,,6563,2,,,1,100,,6554,2,,,1,100,,6560,2,,,1,100,,6555,2,,,1
100003300,'Weekday-30',657,,6576,2,,,1,83,,6575,2,,,1,85,,6565,2,,,1,100,,6566,2,,,1,100,,6567,2,,,1,100,,6568,2,,,1,99,,6569,2,,,1,100,,6570,2,,,1,100,,6571,2,,,1,20,,6578,2,,,1,77,,6572,2,,,1,26,,6582,2,,,1
