20500,'Saturday-21',1013,,7266,20,4,,1,100,,7260,20,4,,1,100,,7267,20,4,,1,100,,7263,20,4,,1,100,,7264,20,4,,1,100,,7262,20,4,,1,100,,7268,20,4,,1,100,,7261,20,4,,1,100,,7265,20,4,,1
20500,'Saturday-23',1013,,5752,20,4,,1,100,,5746,20,4,,1,100,,5753,20,4,,1,100,,5749,20,4,,1,100,,5750,20,4,,1,100,,5748,20,4,,1,100,,5754,20,4,,1,100,,5747,20,4,,1,100,,5751,20,4,,1
20500,'Weekday-20',704,,7270,20,4,,1,39,,7279,20,4,,1,100,,7274,20,4,,1,98,,7278,20,4,,1,101,,7271,20,4,,1,101,,7275,20,4,,1,101,,7272,20,4,,1,101,,7276,20,4,,1,104,,7273,20,4,,1,99,,7277,20,4,,1,101,,7280,20,4,,1,77,,7269,20,4,,1,77,,7281,20,4,,1
20500,'Weekday-25',704,,7283,20,4,,1,39,,7292,20,4,,1,100,,7287,20,4,,1,98,,7291,20,4,,1,101,,7284,20,4,,1,101,,7288,20,4,,1,101,,7285,20,4,,1,101,,7289,20,4,,1,104,,7286,20,4,,1,99,,7290,20,4,,1,101,,7293,20,4,,1,77,,7282,20,4,,1,77,,7294,20,4,,1
20500,'Weekday-26',713,,7295,20,4,,1,100,,7305,20,4,,1,100,,7301,20,4,,1,100,,7296,20,4,,1,100,,7297,20,4,,1,100,,7302,20,4,,1,100,,7298,20,4,,1,100,,7303,20,4,,1,100,,7299,20,4,,1,100,,7306,20,4,,1,100,,7304,20,4,,1,100,,7300,20,4,,1
20501,'Saturday-21',1015,,7313,1,,,1,100,,7307,1,,,1,100,,7314,1,,,1,100,,7310,1,,,1,100,,7311,1,,,1,100,,7309,1,,,1,100,,7315,1,,,1,100,,7308,1,,,1,100,,7312,1,,,1
20501,'Saturday-23',1015,,5783,1,,,1,100,,5777,1,,,1,100,,5784,1,,,1,100,,5780,1,,,1,100,,5781,1,,,1,100,,5779,1,,,1,100,,5785,1,,,1,100,,5778,1,,,1,100,,5782,1,,,1
20501,'Weekday-20',714,,7317,1,,,1,37,,7326,1,,,1,101,,7318,1,,,1,100,,7319,1,,,1,100,,7320,1,,,1,100,,7321,1,,,1,99,,7322,1,,,1,99,,7323,1,,,1,99,,7324,1,,,1,101,,7325,1,,,1,103,,7328,1,,,1,85,,7316,1,,,1,80,,7327,1,,,1
20501,'Weekday-25',714,,7330,1,,,1,37,,7339,1,,,1,101,,7331,1,,,1,100,,7332,1,,,1,100,,7333,1,,,1,100,,7334,1,,,1,99,,7335,1,,,1,99,,7336,1,,,1,99,,7337,1,,,1,101,,7338,1,,,1,103,,7341,1,,,1,85,,7329,1,,,1,80,,7340,1,,,1
20501,'Weekday-26',715,,7342,1,,,1,100,,7343,1,,,1,100,,7344,1,,,1,100,,7345,1,,,1,100,,7346,1,,,1,100,,7347,1,,,1,100,,7348,1,,,1,100,,7349,1,,,1,100,,7350,1,,,1,100,,7351,1,,,1,100,,7352,1,,,1,100,,7353,1,,,1
