20100,'Weekday-20',755,,6741,23,,,1,64,,6735,23,,,1,40,,6742,23,,,1,50,,6726,23,,,1,38,,6736,23,,,1,100,,6732,23,,,1,100,,6727,23,,,1,100,,6733,23,,,1,462,,6740,23,,,1,42,,6730,23,,,1
20100,'Weekday-25',755,,6772,23,,,1,64,,6766,23,,,1,40,,6773,23,,,1,50,,6759,23,,,1,38,,6767,23,,,1,100,,6775,23,,,1,100,,6760,23,,,1,100,,6776,23,,,1,462,,6771,23,,,1,42,,6763,23,,,1
20100,'Weekday-26',739,,6778,23,,,1,73,,6780,23,,,1,200,,6783,23,,,1,100,,6782,23,,,1,99,,6800,23,,,1,100,,6777,23,,,1,100,,6802,23,,,1,101,,6797,23,,,1,102,,6789,23,,,1,30,,6801,23,,,1,71,,6796,23,,,1
20101,'Saturday-21',610,,6811,4,,,1,100,,6819,4,,,1,100,,6810,4,,,1,101,,6820,4,,,1,100,,6804,4,,,1,100,,6814,4,,,1,100,,6805,4,,,1,100,,6815,4,,,1,100,,6803,4,,,1,100,,6816,4,,,1,100,,6807,4,,,1,100,,6818,4,,,1,102,,6809,4,,,1,100,,6813,4,,,1,100,,6806,4,,,1,99,,6817,4,,,1,100,,6812,4,,,1,100,,6821,4,,,1,100,,6808,4,,,1
20101,'Saturday-23',610,,5538,4,,,1,100,,5546,4,,,1,100,,5537,4,,,1,101,,5547,4,,,1,100,,5531,4,,,1,100,,5541,4,,,1,100,,5532,4,,,1,100,,5542,4,,,1,100,,5530,4,,,1,100,,5543,4,,,1,100,,5534,4,,,1,100,,5545,4,,,1,102,,5536,4,,,1,100,,5540,4,,,1,100,,5533,4,,,1,99,,5544,4,,,1,100,,5539,4,,,1,100,,5548,4,,,1,100,,5535,4,,,1
20101,'Sunday-22',603,,6825,4,,,1,100,,6835,4,,,1,106,,6824,4,,,1,100,,6834,4,,,1,101,,6826,4,,,1,100,,6833,4,,,1,100,,6827,4,,,1,100,,6832,4,,,1,100,,6828,4,,,1,100,,6831,4,,,1,100,,6823,4,,,1,100,,6830,4,,,1,100,,6822,4,,,1,100,,6829,4,,,1
20101,'Sunday-62',603,,6839,4,,,1,100,,6849,4,,,1,106,,6838,4,,,1,100,,6848,4,,,1,101,,6840,4,,,1,100,,6847,4,,,1,100,,6841,4,,,1,100,,6846,4,,,1,100,,6842,4,,,1,100,,6845,4,,,1,100,,6837,4,,,1,100,,6844,4,,,1,100,,6836,4,,,1,100,,6843,4,,,1
20101,'Weekday-20',553,,6867,4,,,1,70,,6875,4,,,1,21,,6878,4,,,1,60,,6854,4,,,1,23,,6868,4,,,1,112,,6879,4,,,1,106,,6863,4,,,1,100,,6876,4,,,1,100,,6873,4,,,1,95,,6866,4,,,1,99,,6874,4,,,1,10,,6877,4,,,1,93,,6871,4,,,1,14,,6864,4,,,1,56,,6850,4,,,1,18,,6870,4,,,1,24,,6855,4,,,1,56,,6872,4,,,1,24,,6869,4,,,1,21,,6865,4,,,1,76,,6851,4,,,1,12,,6880,4,,,1,66,,6856,4,,,1,24,,6853,4,,,1,20,,6859,4,,,1,70,,6852,4,,,1,100,,6860,4,,,1,100,,6861,4,,,1,100,,6857,4,,,1,100,,6862,4,,,1,100,,6858,4,,,1
20101,'Weekday-25',553,,6900,4,,,1,70,,6903,4,,,1,21,,6906,4,,,1,60,,6887,4,,,1,23,,6901,4,,,1,112,,6907,4,,,1,106,,6896,4,,,1,100,,6904,4,,,1,100,,6910,4,,,1,95,,6899,4,,,1,99,,6911,4,,,1,10,,6905,4,,,1,93,,6909,4,,,1,14,,6897,4,,,1,56,,6883,4,,,1,18,,6902,4,,,1,24,,6888,4,,,1,56,,6882,4,,,1,24,,6881,4,,,1,21,,6898,4,,,1,76,,6884,4,,,1,12,,6908,4,,,1,66,,6889,4,,,1,24,,6886,4,,,1,20,,6892,4,,,1,70,,6885,4,,,1,100,,6893,4,,,1,100,,6894,4,,,1,100,,6890,4,,,1,100,,6895,4,,,1,100,,6891,4,,,1
20101,'Weekday-26',608,,6914,4,,,1,30,,6915,4,,,1,72,,6933,4,,,1,27,,6923,4,,,1,71,,6913,4,,,1,38,,6934,4,,,1,64,,6925,4,,,1,98,,6932,4,,,1,100,,6917,4,,,1,100,,6916,4,,,1,100,,6935,4,,,1,100,,6912,4,,,1,100,,6936,4,,,1,29,,6931,4,,,1,65,,6918,4,,,1,39,,6924,4,,,1,70,,6937,4,,,1,34,,6919,4,,,1,70,,6926,4,,,1,34,,6927,4,,,1,59,,6920,4,,,1,100,,6928,4,,,1,100,,6921,4,,,1,100,,6929,4,,,1,100,,6922,4,,,1,100,,6930,4,,,1
21100,'Weekday-20',710,,7384,10,,,1,19,,7385,10,,,1,25,,7383,10,,,1
21100,'Weekday-25',710,,7387,10,,,1,19,,7388,10,,,1,25,,7386,10,,,1
21101,'Weekday-20',1528,,7389,6,,,1,80,,7391,6,,,1,20,,7393,6,,,1,14,,7390,6,,,1,66,,7392,6,,,1
21101,'Weekday-25',1528,,7394,6,,,1,80,,7398,6,,,1,20,,7397,6,,,1,14,,7396,6,,,1,66,,7395,6,,,1
