100000700,'Saturday-21',632,,7758,6,,,1,100,,7759,6,,,1,100,,7760,6,,,1,100,,7761,6,,,1,100,,7766,6,,,1,100,,7762,6,,,1,100,,7767,6,,,1,100,,7763,6,,,1,100,,7768,6,,,1,100,,7764,6,,,1,100,,7769,6,,,1,100,,7765,6,,,1
100000700,'Saturday-23',632,,6046,6,,,1,100,,6047,6,,,1,100,,6048,6,,,1,100,,6049,6,,,1,100,,6054,6,,,1,100,,6050,6,,,1,100,,6055,6,,,1,100,,6051,6,,,1,100,,6056,6,,,1,100,,6052,6,,,1,100,,6057,6,,,1,100,,6053,6,,,1
100000700,'Weekday-20',659,,7783,6,,,1,60,,7776,6,,,1,20,,7772,6,,,1,20,,7778,6,,,1,80,,7779,6,,,1,100,,7774,6,,,1,100,,7780,6,,,1,100,,7770,6,,,1,100,,7782,6,,,1,100,,7781,6,,,1
100000700,'Weekday-25',659,,7796,6,,,1,60,,7790,6,,,1,20,,7786,6,,,1,20,,7792,6,,,1,80,,7793,6,,,1,100,,7788,6,,,1,100,,7794,6,,,1,100,,7784,6,,,1,100,,7797,6,,,1,100,,7795,6,,,1
100000700,'Weekday-26',701,,7810,6,,,1,30,,7811,6,,,1,70,,7812,6,,,1,30,,7813,6,,,1,70,,7814,6,,,1,100,,7815,6,,,1,100,,7798,6,,,1,100,,7799,6,,,1,100,,7801,6,,,1,100,,7800,6,,,1,100,,7802,6,,,1,30,,7803,6,,,1,70,,7804,6,,,1,30,,7805,6,,,1,70,,7806,6,,,1,30,,7807,6,,,1,70,,7808,6,,,1
100000801,'Saturday-21',703,,7818,5,,,1,100,,7819,5,,,1,100,,7820,5,,,1,100,,7821,5,,,1,100,,7822,5,,,1,100,,7823,5,,,1,100,,7824,5,,,1,100,,7825,5,,,1,100,,7826,5,,,1,100,,7827,5,,,1,100,,7828,5,,,1,100,,7829,5,,,1
100000801,'Saturday-23',703,,6085,5,,,1,100,,6086,5,,,1,100,,6087,5,,,1,100,,6088,5,,,1,100,,6089,5,,,1,100,,6090,5,,,1,100,,6091,5,,,1,100,,6092,5,,,1,100,,6093,5,,,1,100,,6094,5,,,1,100,,6095,5,,,1,100,,6096,5,,,1
100000801,'Weekday-20',840,,7838,5,,,1,100,,7847,5,,,1,100,,7844,5,,,1,100,,7833,5,,,1,100,,7839,5,,,1,100,,7845,5,,,1,100,,7846,5,,,1,61,,7831,5,,,1,36,,7832,5,,,1,20,,7841,5,,,1,60,,7834,5,,,1,21,,7840,5,,,1,19,,7835,5,,,1,62,,7836,5,,,1,19,,7843,5,,,1,62,,7837,5,,,1,19,,7842,5,,,1
100000801,'Weekday-25',840,,7854,5,,,1,100,,7864,5,,,1,100,,7860,5,,,1,100,,7849,5,,,1,100,,7855,5,,,1,100,,7862,5,,,1,100,,7863,5,,,1,61,,7848,5,,,1,36,,7861,5,,,1,20,,7857,5,,,1,60,,7850,5,,,1,21,,7856,5,,,1,19,,7851,5,,,1,62,,7852,5,,,1,19,,7859,5,,,1,62,,7853,5,,,1,19,,7858,5,,,1
100000801,'Weekday-26',933,,7868,5,,,1,100,,7867,5,,,1,100,,7865,5,,,1,100,,7866,5,,,1,100,,7869,5,,,1,67,,7870,5,,,1,33,,7871,5,,,1,67,,7872,5,,,1,30,,7873,5,,,1,70,,7874,5,,,1,30,,7875,5,,,1,70,,7876,5,,,1,30,,7877,5,,,1,70,,7878,5,,,1
