100000700,'Saturday-21',644,,7758,27,,,1,100,,7759,27,,,1,100,,7760,27,,,1,100,,7761,27,,,1,100,,7766,27,,,1,100,,7762,27,,,1,100,,7767,27,,,1,100,,7763,27,,,1,100,,7768,27,,,1,100,,7764,27,,,1,100,,7769,27,,,1,100,,7765,27,,,1
100000700,'Saturday-23',644,,6046,27,,,1,100,,6047,27,,,1,100,,6048,27,,,1,100,,6049,27,,,1,100,,6054,27,,,1,100,,6050,27,,,1,100,,6055,27,,,1,100,,6051,27,,,1,100,,6056,27,,,1,100,,6052,27,,,1,100,,6057,27,,,1,100,,6053,27,,,1
100000700,'Weekday-20',550,,7771,19,,,1,60,,7773,19,,,1,20,,7775,19,,,1,20,,7777,19,,,1,60,,7783,27,,,1,20,,7776,27,,,1,20,,7772,27,,,1,60,,7778,27,,,1,40,,7779,27,,,1,100,,7774,27,,,1,100,,7780,27,,,1,100,,7770,27,,,1,100,,7782,27,,,1,100,,7781,27,,,1
100000700,'Weekday-25',550,,7785,19,,,1,60,,7787,19,,,1,20,,7789,19,,,1,20,,7791,19,,,1,60,,7796,27,,,1,20,,7790,27,,,1,20,,7786,27,,,1,60,,7792,27,,,1,40,,7793,27,,,1,100,,7788,27,,,1,100,,7794,27,,,1,100,,7784,27,,,1,100,,7797,27,,,1,100,,7795,27,,,1
100000700,'Weekday-26',542,,7817,19,,,1,70,,7816,19,,,1,30,,7809,19,,,1,70,,7810,27,,,1,30,,7811,27,,,1,70,,7812,27,,,1,30,,7813,27,,,1,70,,7814,27,,,1,100,,7815,27,,,1,100,,7798,27,,,1,100,,7799,27,,,1,100,,7801,27,,,1,100,,7800,27,,,1,100,,7802,27,,,1,30,,7803,27,,,1,70,,7804,27,,,1,30,,7805,27,,,1,70,,7806,27,,,1,30,,7807,27,,,1,70,,7808,27,,,1
100000801,'Saturday-21',612,,7830,20,,,1,100,,7818,26,,,1,100,,7819,26,,,1,100,,7820,26,,,1,100,,7821,26,,,1,100,,7822,26,,,1,100,,7823,26,,,1,100,,7824,26,,,1,100,,7825,26,,,1,100,,7826,26,,,1,100,,7827,26,,,1,100,,7828,26,,,1,100,,7829,26,,,1
100000801,'Saturday-23',612,,6097,20,,,1,100,,6085,26,,,1,100,,6086,26,,,1,100,,6087,26,,,1,100,,6088,26,,,1,100,,6089,26,,,1,100,,6090,26,,,1,100,,6091,26,,,1,100,,6092,26,,,1,100,,6093,26,,,1,100,,6094,26,,,1,100,,6095,26,,,1,100,,6096,26,,,1
100000801,'Weekday-20',849,,7838,26,,,1,100,,7847,26,,,1,100,,7844,26,,,1,101,,7833,26,,,1,100,,7839,26,,,1,100,,7845,26,,,1,100,,7846,26,,,1,60,,7831,26,,,1,36,,7832,26,,,1,60,,7841,26,,,1,20,,7834,26,,,1,21,,7840,26,,,1,59,,7835,26,,,1,22,,7836,26,,,1,19,,7843,26,,,1,62,,7837,26,,,1,19,,7842,26,,,1
100000801,'Weekday-25',849,,7854,26,,,1,100,,7864,26,,,1,100,,7860,26,,,1,101,,7849,26,,,1,100,,7855,26,,,1,100,,7862,26,,,1,100,,7863,26,,,1,60,,7848,26,,,1,36,,7861,26,,,1,60,,7857,26,,,1,20,,7850,26,,,1,21,,7856,26,,,1,59,,7851,26,,,1,22,,7852,26,,,1,19,,7859,26,,,1,62,,7853,26,,,1,19,,7858,26,,,1
100000801,'Weekday-26',942,,7868,26,,,1,100,,7867,26,,,1,101,,7865,26,,,1,100,,7866,26,,,1,100,,7869,26,,,1,66,,7870,26,,,1,34,,7871,26,,,1,66,,7872,26,,,1,30,,7873,26,,,1,70,,7874,26,,,1,30,,7875,26,,,1,70,,7876,26,,,1,30,,7877,26,,,1,70,,7878,26,,,1
