20201,'Weekday-20',731,,7012,18,,,1,20,,7005,18,,,1,80,,7023,18,,,1,97,,7013,18,,,1,100,,7024,18,,,1,100,,7006,18,,,1,100,,7020,18,,,1,100,,7003,18,,,1,100,,7025,18,,,1,20,,7004,18,,,1,79,,7022,18,,,1,24,,7018,18,,,1,60,,7010,18,,,1,20,,7021,18,,,1,20,,7019,18,,,1,60,,7011,18,,,1,20,,7017,18,,,1,21,,7009,18,,,1,61,,7008,18,,,1,17,,7015,18,,,1,20,,7007,18,,,1,58,,7026,18,,,1,33,,7014,18,,,1,65,,7016,18,,,1
20201,'Weekday-25',731,,7036,18,,,1,20,,7029,18,,,1,80,,7047,18,,,1,97,,7037,18,,,1,100,,7048,18,,,1,100,,7030,18,,,1,100,,7044,18,,,1,100,,7027,18,,,1,100,,7050,18,,,1,20,,7028,18,,,1,79,,7046,18,,,1,24,,7042,18,,,1,60,,7034,18,,,1,20,,7045,18,,,1,20,,7043,18,,,1,60,,7035,18,,,1,20,,7041,18,,,1,21,,7033,18,,,1,61,,7032,18,,,1,17,,7039,18,,,1,20,,7031,18,,,1,58,,7049,18,,,1,33,,7038,18,,,1,65,,7040,18,,,1
20201,'Weekday-26',722,,7051,18,,,1,30,,7055,18,,,1,70,,7058,18,,,1,30,,7052,18,,,1,70,,7056,18,,,1,30,,7059,18,,,1,100,,7057,18,,,1,100,,7064,18,,,1,100,,7062,18,,,1,100,,7065,18,,,1,100,,7063,18,,,1,100,,7066,18,,,1,70,,7053,18,,,1,30,,7060,18,,,1,70,,7068,18,,,1,30,,7054,18,,,1,70,,7061,18,,,1,30,,7067,18,,,1
100002100,'Weekday-20',1545,,8234,32,,,1,82,,8236,32,,,1,83,,8235,32,,,1,39,,8233,32,,,1,80,,8232,32,,,1
100002100,'Weekday-25',1545,,8239,32,,,1,82,,8241,32,,,1,83,,8240,32,,,1,39,,8238,32,,,1,80,,8237,32,,,1
100002100,'Weekday-26',722,,8242,15,,,1,30,,8243,15,,,1,70,,8244,15,,,1,700,,8245,15,,,1,100,,8246,15,,,1,30,,8247,15,,,1,70,,8248,15,,,1
100003100,'Saturday-21',602,,8309,27,,,1,100,,8310,27,,,1,100,,8311,27,,,1,100,,8312,27,,,1,100,,8317,27,,,1,100,,8313,27,,,1,100,,8318,27,,,1,100,,8314,27,,,1,100,,8319,27,,,1,100,,8315,27,,,1,100,,8320,27,,,1,100,,8316,27,,,1,100,,8321,27,,,1
100003100,'Saturday-23',1702,,6387,27,,,1,100,,6392,27,,,1
100003100,'Weekday-20',726,,8323,27,,,1,119,,8325,27,,,1,98,,8326,27,,,1,100,,8327,27,,,1,100,,8328,27,,,1,100,,8329,27,,,1,100,,8330,27,,,1,100,,8331,27,,,1,61,,8324,27,,,1,36,,8332,27,,,1,66,,8322,27,,,1,242,,8333,27,,,1
100003100,'Weekday-25',726,,8336,27,,,1,119,,8338,27,,,1,98,,8339,27,,,1,100,,8340,27,,,1,100,,8341,27,,,1,100,,8342,27,,,1,100,,8343,27,,,1,100,,8344,27,,,1,61,,8337,27,,,1,36,,8345,27,,,1,66,,8335,27,,,1,242,,8334,27,,,1
100003100,'Weekday-26',703,,8356,27,,,1,31,,8347,27,,,1,69,,8357,27,,,1,30,,8346,27,,,1,68,,8353,27,,,1,100,,8354,27,,,1,100,,8355,27,,,1,100,,8352,27,,,1,100,,8350,27,,,1,101,,8358,27,,,1,100,,8359,27,,,1,101,,8360,27,,,1,30,,8348,27,,,1,72,,8361,27,,,1,28,,8349,27,,,1,70,,8351,27,,,1
