20101,'Saturday-21',631,,6811,18,,,1,100,,6819,18,,,1,100,,6810,18,,,1,103,,6820,18,,,1,100,,6804,18,,,1,100,,6814,18,,,1,100,,6805,18,,,1,100,,6815,18,,,1,100,,6803,18,,,1,100,,6816,18,,,1,100,,6807,18,,,1,100,,6818,18,,,1,102,,6809,18,,,1,100,,6813,18,,,1,100,,6806,18,,,1,98,,6817,18,,,1,100,,6812,18,,,1,100,,6821,18,,,1,100,,6808,18,,,1
20101,'Saturday-23',631,,5538,18,,,1,100,,5546,18,,,1,100,,5537,18,,,1,103,,5547,18,,,1,100,,5531,18,,,1,100,,5541,18,,,1,100,,5532,18,,,1,100,,5542,18,,,1,100,,5530,18,,,1,100,,5543,18,,,1,100,,5534,18,,,1,100,,5545,18,,,1,102,,5536,18,,,1,100,,5540,18,,,1,100,,5533,18,,,1,98,,5544,18,,,1,100,,5539,18,,,1,100,,5548,18,,,1,100,,5535,18,,,1
20101,'Sunday-22',625,,6825,18,,,1,100,,6835,18,,,1,106,,6824,18,,,1,100,,6834,18,,,1,104,,6826,18,,,1,100,,6833,18,,,1,100,,6827,18,,,1,100,,6832,18,,,1,100,,6828,18,,,1,100,,6831,18,,,1,100,,6823,18,,,1,100,,6830,18,,,1,98,,6822,18,,,1,100,,6829,18,,,1
20101,'Sunday-62',625,,6839,18,,,1,100,,6849,18,,,1,106,,6838,18,,,1,100,,6848,18,,,1,104,,6840,18,,,1,100,,6847,18,,,1,100,,6841,18,,,1,100,,6846,18,,,1,100,,6842,18,,,1,100,,6845,18,,,1,100,,6837,18,,,1,100,,6844,18,,,1,98,,6836,18,,,1,100,,6843,18,,,1
20101,'Weekday-20',618,,6867,18,,,1,30,,6875,18,,,1,64,,6878,18,,,1,21,,6854,18,,,1,70,,6868,18,,,1,104,,6879,18,,,1,102,,6863,18,,,1,100,,6876,18,,,1,100,,6873,18,,,1,97,,6866,18,,,1,100,,6874,18,,,1,14,,6877,18,,,1,87,,6871,18,,,1,19,,6864,18,,,1,19,,6850,18,,,1,58,,6870,18,,,1,22,,6855,18,,,1,18,,6872,18,,,1,62,,6869,18,,,1,22,,6865,18,,,1,27,,6851,18,,,1,55,,6880,18,,,1,26,,6856,18,,,1,22,,6853,18,,,1,63,,6859,18,,,1,27,,6852,18,,,1,100,,6860,18,,,1,100,,6861,18,,,1,100,,6857,18,,,1,100,,6862,18,,,1,100,,6858,18,,,1
20101,'Weekday-25',618,,6900,18,,,1,30,,6903,18,,,1,64,,6906,18,,,1,21,,6887,18,,,1,70,,6901,18,,,1,104,,6907,18,,,1,102,,6896,18,,,1,100,,6904,18,,,1,100,,6910,18,,,1,97,,6899,18,,,1,100,,6911,18,,,1,14,,6905,18,,,1,87,,6909,18,,,1,19,,6897,18,,,1,19,,6883,18,,,1,58,,6902,18,,,1,22,,6888,18,,,1,18,,6882,18,,,1,62,,6881,18,,,1,22,,6898,18,,,1,27,,6884,18,,,1,55,,6908,18,,,1,26,,6889,18,,,1,22,,6886,18,,,1,63,,6892,18,,,1,27,,6885,18,,,1,100,,6893,18,,,1,100,,6894,18,,,1,100,,6890,18,,,1,100,,6895,18,,,1,100,,6891,18,,,1
20101,'Weekday-26',633,,6914,18,,,1,70,,6915,18,,,1,33,,6933,18,,,1,71,,6923,18,,,1,27,,6913,18,,,1,79,,6934,18,,,1,21,,6925,18,,,1,100,,6932,18,,,1,100,,6917,18,,,1,100,,6916,18,,,1,100,,6935,18,,,1,100,,6912,18,,,1,100,,6936,18,,,1,70,,6931,18,,,1,27,,6918,18,,,1,75,,6924,18,,,1,30,,6937,18,,,1,71,,6919,18,,,1,30,,6926,18,,,1,72,,6927,18,,,1,23,,6920,18,,,1,100,,6928,18,,,1,100,,6921,18,,,1,100,,6929,18,,,1,100,,6922,18,,,1,100,,6930,18,,,1
20201,'Weekday-20',712,,7012,7,,,1,20,,7005,7,,,1,80,,7023,7,,,1,96,,7013,7,,,1,102,,7024,7,,,1,100,,7006,7,,,1,100,,7020,7,,,1,100,,7003,7,,,1,99,,7025,7,,,1,20,,7004,7,,,1,77,,7022,7,,,1,21,,7018,7,,,1,20,,7010,7,,,1,60,,7021,7,,,1,21,,7019,7,,,1,20,,7011,7,,,1,63,,7017,7,,,1,22,,7009,7,,,1,21,,7008,7,,,1,57,,7015,7,,,1,20,,7007,7,,,1,18,,7026,7,,,1,73,,7014,7,,,1,25,,7016,7,,,1
20201,'Weekday-25',712,,7036,7,,,1,20,,7029,7,,,1,80,,7047,7,,,1,96,,7037,7,,,1,102,,7048,7,,,1,100,,7030,7,,,1,100,,7044,7,,,1,100,,7027,7,,,1,99,,7050,7,,,1,20,,7028,7,,,1,77,,7046,7,,,1,21,,7042,7,,,1,20,,7034,7,,,1,60,,7045,7,,,1,21,,7043,7,,,1,20,,7035,7,,,1,63,,7041,7,,,1,22,,7033,7,,,1,21,,7032,7,,,1,57,,7039,7,,,1,20,,7031,7,,,1,18,,7049,7,,,1,73,,7038,7,,,1,25,,7040,7,,,1
20201,'Weekday-26',704,,7051,7,,,1,30,,7055,7,,,1,70,,7058,7,,,1,30,,7052,7,,,1,69,,7056,7,,,1,32,,7059,7,,,1,100,,7057,7,,,1,100,,7064,7,,,1,100,,7062,7,,,1,100,,7065,7,,,1,100,,7063,7,,,1,100,,7066,7,,,1,70,,7053,7,,,1,30,,7060,7,,,1,70,,7068,7,,,1,29,,7054,7,,,1,70,,7061,7,,,1,30,,7067,7,,,1
