20400,'Weekday-20',718,,7237,1,,,1,2,,7239,5,,,1,80,,7235,1,,,1,18,,7238,1,,,1,2,,7236,5,,,1,2,,7242,1,,,1,16,,7243,1,,,1,80,,7234,5,,,1,2,,7240,1,,,1,100,,7241,1,,,1
20400,'Weekday-25',720,,7244,5,,,1,100,,7245,5,,,1
20501,'Saturday-21',1043,,7313,21,4,,1,100,,7307,21,4,,1,100,,7314,21,4,,1,100,,7310,21,4,,1,100,,7311,21,4,,1,100,,7309,21,4,,1,100,,7315,21,4,,1,100,,7308,21,4,,1,100,,7312,21,4,,1
20501,'Saturday-23',1043,,5783,21,4,,1,100,,5777,21,4,,1,100,,5784,21,4,,1,100,,5780,21,4,,1,100,,5781,21,4,,1,100,,5779,21,4,,1,100,,5785,21,4,,1,100,,5778,21,4,,1,100,,5782,21,4,,1
20501,'Weekday-20',741,,7317,21,4,,1,80,,7326,21,4,,1,97,,7318,21,4,,1,100,,7319,21,4,,1,100,,7320,21,4,,1,100,,7321,21,4,,1,100,,7322,21,4,,1,100,,7323,21,4,,1,99,,7324,21,4,,1,104,,7325,21,4,,1,100,,7328,21,4,,1,82,,7316,21,4,,1,40,,7327,21,4,,1
20501,'Weekday-25',741,,7330,21,4,,1,80,,7339,21,4,,1,97,,7331,21,4,,1,100,,7332,21,4,,1,100,,7333,21,4,,1,100,,7334,21,4,,1,100,,7335,21,4,,1,100,,7336,21,4,,1,99,,7337,21,4,,1,104,,7338,21,4,,1,100,,7341,21,4,,1,82,,7329,21,4,,1,40,,7340,21,4,,1
20501,'Weekday-26',743,,7342,21,4,,1,100,,7343,21,4,,1,100,,7344,21,4,,1,100,,7345,21,4,,1,100,,7346,21,4,,1,100,,7347,21,4,,1,100,,7348,21,4,,1,100,,7349,21,4,,1,100,,7350,21,4,,1,100,,7351,21,4,,1,100,,7352,21,4,,1,100,,7353,21,4,,1
100000901,'Weekday-20',617,,7906,30,4,,1,20,,7907,30,4,,1,20,,7909,30,4,,1,60,,7911,30,4,,1,20,,7913,30,4,,1,20,,7910,30,4,,1,60,,7912,30,4,,1,20,,7903,30,4,,1,820,,7904,30,4,,1,60,,7908,30,4,,1,20,,7914,30,4,,1,20,,7905,30,4,,1
100000901,'Weekday-25',617,,7919,30,4,,1,20,,7920,30,4,,1,20,,7921,30,4,,1,60,,7923,30,4,,1,20,,7925,30,4,,1,20,,7922,30,4,,1,60,,7924,30,4,,1,20,,7916,30,4,,1,820,,7917,30,4,,1,60,,7915,30,4,,1,20,,7926,30,4,,1,20,,7918,30,4,,1
100000901,'Weekday-26',613,,7935,30,4,,1,30,,7930,30,4,,1,70,,7927,30,4,,1,30,,7931,30,4,,1,70,,7934,30,4,,1,900,,7932,30,4,,1,30,,7928,30,4,,1,70,,7933,30,4,,1,30,,7929,30,4,,1
100001201,'Weekday-20',657,,7937,22,4,,1,80,,7938,22,4,,1,20,,7936,22,4,,1,60,,7939,22,4,,1,20,,7940,22,4,,1
100001201,'Weekday-25',657,,7942,22,4,,1,80,,7943,22,4,,1,20,,7941,22,4,,1,60,,7944,22,4,,1,20,,7945,22,4,,1
100001300,'Weekday-20',1628,,7947,24,4,,1,20,,7948,24,4,,1,61,,7953,24,4,,1,22,,7949,24,4,,1,20,,7952,24,4,,1,61,,7950,24,4,,1,21,,7946,24,4,,1,15,,7951,24,4,,1
100001300,'Weekday-25',1628,,7955,24,4,,1,20,,7956,24,4,,1,61,,7961,24,4,,1,22,,7957,24,4,,1,20,,7960,24,4,,1,61,,7958,24,4,,1,21,,7954,24,4,,1,15,,7959,24,4,,1
100002101,'Weekday-20',717,,8251,35,4,,1,21,,8250,35,4,,1,19,,8249,35,4,,1
100002101,'Weekday-25',717,,8253,35,4,,1,21,,8252,35,4,,1,19,,8254,35,4,,1
100002200,'Weekday-20',557,,8263,21,4,,1,60,,8266,21,4,,1,20,,8264,21,4,,1,20,,8265,29,4,,1,160,,8267,29,4,,1
100002200,'Weekday-25',557,,8268,21,4,,1,60,,8271,21,4,,1,20,,8269,21,4,,1,20,,8270,29,4,,1,160,,8272,29,4,,1
100002300,'Weekday-20',1657,,8273,28,4,,1,80,,8274,28,4,,1,80,,8275,28,4,,1
100002300,'Weekday-25',1657,,8278,28,4,,1,80,,8276,28,4,,1,80,,8277,28,4,,1
100002401,'Weekday-20',557,,8284,17,4,,1,60,,8285,17,4,,1,20,,8282,17,4,,1,20,,8283,20,4,,1,60,,8281,17,4,,1,20,,8279,20,4,,1,20,,8289,20,4,,1,60,,8280,20,4,,1,820,,8290,20,4,,1,20,,8286,20,4,,1,59,,8291,20,4,,1,21,,8287,20,4,,1,20,,8292,20,4,,1,60,,8288,20,4,,1,20,,8293,20,4,,1
100002401,'Weekday-25',557,,8299,17,4,,1,60,,8300,17,4,,1,20,,8297,17,4,,1,20,,8298,20,4,,1,60,,8296,17,4,,1,20,,8294,20,4,,1,20,,8304,20,4,,1,60,,8295,20,4,,1,820,,8305,20,4,,1,20,,8301,20,4,,1,59,,8306,20,4,,1,21,,8302,20,4,,1,20,,8307,20,4,,1,60,,8303,20,4,,1,20,,8308,20,4,,1
100003101,'Saturday-21',641,,8362,29,4,,1,100,,8363,29,4,,1,100,,8364,29,4,,1,100,,8365,29,4,,1,100,,8370,29,4,,1,100,,8366,29,4,,1,100,,8371,29,4,,1,100,,8367,29,4,,1,100,,8372,29,4,,1,100,,8368,29,4,,1,100,,8373,29,4,,1,100,,8369,29,4,,1,100,,8374,29,4,,1
100003101,'Saturday-23',641,,6418,28,4,,1,100,,6419,28,4,,1,100,,6420,28,4,,1,100,,6421,28,4,,1,100,,6426,28,4,,1,100,,6422,28,4,,1,100,,6427,28,4,,1,100,,6423,28,4,,1,100,,6428,28,4,,1,100,,6424,28,4,,1,100,,6429,28,4,,1,100,,6425,29,4,,1,100,,6430,29,4,,1
100003101,'Weekday-20',837,,8386,29,4,,1,81,,8378,29,4,,1,100,,8379,29,4,,1,100,,8380,29,4,,1,100,,8381,29,4,,1,100,,8382,29,4,,1,100,,8383,29,4,,1,100,,8384,29,4,,1,15,,8375,29,4,,1,85,,8385,29,4,,1,100,,8376,29,4,,1,40,,8387,29,4,,1,80,,8377,29,4,,1
100003101,'Weekday-25',837,,8399,29,4,,1,81,,8391,29,4,,1,100,,8392,29,4,,1,100,,8393,29,4,,1,100,,8394,29,4,,1,100,,8395,29,4,,1,100,,8396,29,4,,1,100,,8397,29,4,,1,15,,8388,29,4,,1,85,,8398,29,4,,1,100,,8389,29,4,,1,40,,8400,29,4,,1,80,,8390,29,4,,1
100003101,'Weekday-26',613,,8420,25,4,,1,30,,8415,25,4,,1,70,,8403,25,4,,1,30,,8407,29,4,,1,70,,8401,29,4,,1,30,,8408,29,4,,1,70,,8402,29,4,,1,30,,8409,29,4,,1,100,,8410,29,4,,1,100,,8411,29,4,,1,100,,8412,29,4,,1,100,,8416,29,4,,1,100,,8417,29,4,,1,100,,8418,29,4,,1,70,,8404,29,4,,1,30,,8419,29,4,,1,70,,8405,29,4,,1,30,,8413,29,4,,1,70,,8406,29,4,,1,30,,8414,29,4,,1
100003201,'Saturday-21',641,,8482,32,4,,1,100,,8483,32,4,,1,100,,8484,32,4,,1,100,,8485,32,4,,1,100,,8477,32,4,,1,100,,8488,32,4,,1,100,,8478,32,4,,1,100,,8486,32,4,,1,100,,8479,32,4,,1,100,,8489,32,4,,1,100,,8480,32,4,,1,100,,8487,32,4,,1,100,,8481,32,4,,1
100003201,'Saturday-23',641,,6501,32,4,,1,100,,6502,32,4,,1,100,,6503,32,4,,1,100,,6504,32,4,,1,100,,6496,32,4,,1,100,,6507,32,4,,1,100,,6497,32,4,,1,100,,6505,32,4,,1,100,,6498,32,4,,1,100,,6508,32,4,,1,100,,6499,32,4,,1,100,,6506,32,4,,1,100,,6500,32,4,,1
100003201,'Weekday-20',557,,8490,27,4,,1,60,,8492,32,4,,1,20,,8491,27,4,,1,80,,8495,32,4,,1,201,,8502,32,4,,1,100,,8493,32,4,,1,100,,8498,32,4,,1,100,,8503,32,4,,1,100,,8500,32,4,,1,100,,8504,32,4,,1,100,,8505,32,4,,1,20,,8497,32,4,,1,62,,8501,32,4,,1,18,,8494,32,4,,1
100003201,'Weekday-25',557,,8519,27,4,,1,60,,8507,32,4,,1,20,,8520,27,4,,1,80,,8510,32,4,,1,201,,8521,32,4,,1,100,,8508,32,4,,1,100,,8513,32,4,,1,100,,8516,32,4,,1,100,,8515,32,4,,1,100,,8517,32,4,,1,100,,8518,32,4,,1,20,,8512,32,4,,1,62,,8506,32,4,,1,18,,8509,32,4,,1
100003201,'Weekday-26',613,,8536,32,4,,1,30,,8540,32,4,,1,70,,8537,32,4,,1,30,,8541,32,4,,1,70,,8538,32,4,,1,30,,8522,32,4,,1,70,,8539,32,4,,1,30,,8523,32,4,,1,100,,8524,32,4,,1,100,,8525,32,4,,1,100,,8526,32,4,,1,100,,8527,32,4,,1,100,,8528,32,4,,1,100,,8529,32,4,,1,70,,8533,32,4,,1,30,,8530,32,4,,1,70,,8534,32,4,,1,30,,8531,32,4,,1,70,,8535,32,4,,1,30,,8532,32,4,,1
100003301,'Saturday-21',641,,8614,31,4,,1,100,,8615,31,4,,1,100,,8616,31,4,,1,100,,8617,31,4,,1,100,,8622,31,4,,1,100,,8618,31,4,,1,100,,8619,31,4,,1,100,,8623,31,4,,1,100,,8624,31,4,,1,100,,8620,31,4,,1,100,,8621,31,4,,1,100,,8625,31,4,,1,100,,8626,31,4,,1
100003301,'Saturday-23',641,,6586,31,4,,1,100,,6587,31,4,,1,100,,6588,31,4,,1,100,,6589,31,4,,1,100,,6594,31,4,,1,100,,6590,31,4,,1,100,,6591,31,4,,1,100,,6595,31,4,,1,100,,6596,31,4,,1,100,,6592,31,4,,1,100,,6593,31,4,,1,100,,6597,31,4,,1,100,,6598,31,4,,1
100003301,'Weekday-20',918,,8627,31,4,,1,100,,8628,31,4,,1,100,,8629,31,4,,1,100,,8630,31,4,,1,100,,8631,31,4,,1,100,,8632,31,4,,1,100,,8633,31,4,,1,20,,8637,31,4,,1,80,,8634,31,4,,1
100003301,'Weekday-25',918,,8643,31,4,,1,100,,8644,31,4,,1,100,,8645,31,4,,1,100,,8646,31,4,,1,100,,8647,31,4,,1,100,,8648,31,4,,1,100,,8649,31,4,,1,20,,8653,31,4,,1,80,,8650,31,4,,1
100003301,'Weekday-26',843,,8659,31,4,,1,70,,8670,31,4,,1,30,,8660,31,4,,1,100,,8661,31,4,,1,100,,8662,31,4,,1,100,,8663,31,4,,1,100,,8664,31,4,,1,100,,8665,31,4,,1,100,,8666,31,4,,1,70,,8668,31,4,,1,30,,8667,31,4,,1
