100000700,'Saturday-21',632,,7758,7,,,1,100,,7759,7,,,1,100,,7760,7,,,1,100,,7761,7,,,1,100,,7766,7,,,1,100,,7762,7,,,1,100,,7767,7,,,1,100,,7763,7,,,1,100,,7768,7,,,1,100,,7764,7,,,1,100,,7769,7,,,1,100,,7765,7,,,1
100000700,'Saturday-23',632,,6046,7,,,1,100,,6047,7,,,1,100,,6048,7,,,1,100,,6049,7,,,1,100,,6054,7,,,1,100,,6050,7,,,1,100,,6055,7,,,1,100,,6051,7,,,1,100,,6056,7,,,1,100,,6052,7,,,1,100,,6057,7,,,1,100,,6053,7,,,1
100000700,'Weekday-20',659,,7783,7,,,1,60,,7776,7,,,1,20,,7772,7,,,1,20,,7778,7,,,1,80,,7779,7,,,1,100,,7774,7,,,1,100,,7780,7,,,1,100,,7770,7,,,1,100,,7782,7,,,1,100,,7781,7,,,1
100000700,'Weekday-25',659,,7796,7,,,1,60,,7790,7,,,1,20,,7786,7,,,1,20,,7792,7,,,1,80,,7793,7,,,1,100,,7788,7,,,1,100,,7794,7,,,1,100,,7784,7,,,1,100,,7797,7,,,1,100,,7795,7,,,1
100000700,'Weekday-26',701,,7810,7,,,1,30,,7811,7,,,1,70,,7812,7,,,1,30,,7813,7,,,1,70,,7814,7,,,1,100,,7815,7,,,1,100,,7798,7,,,1,100,,7799,7,,,1,100,,7801,7,,,1,100,,7800,7,,,1,100,,7802,7,,,1,30,,7803,7,,,1,70,,7804,7,,,1,30,,7805,7,,,1,70,,7806,7,,,1,30,,7807,7,,,1,70,,7808,7,,,1
100000801,'Saturday-21',703,,7818,6,,,1,100,,7819,6,,,1,100,,7820,6,,,1,100,,7821,6,,,1,100,,7822,6,,,1,100,,7823,6,,,1,100,,7824,6,,,1,100,,7825,6,,,1,100,,7826,6,,,1,100,,7827,6,,,1,100,,7828,6,,,1,100,,7829,6,,,1
100000801,'Saturday-23',703,,6085,6,,,1,100,,6086,6,,,1,100,,6087,6,,,1,100,,6088,6,,,1,100,,6089,6,,,1,100,,6090,6,,,1,100,,6091,6,,,1,100,,6092,6,,,1,100,,6093,6,,,1,100,,6094,6,,,1,100,,6095,6,,,1,100,,6096,6,,,1
100000801,'Weekday-20',840,,7838,6,,,1,100,,7847,6,,,1,100,,7844,6,,,1,100,,7833,6,,,1,100,,7839,6,,,1,100,,7845,6,,,1,100,,7846,6,,,1,61,,7831,6,,,1,36,,7832,6,,,1,20,,7841,6,,,1,60,,7834,6,,,1,21,,7840,6,,,1,19,,7835,6,,,1,62,,7836,6,,,1,19,,7843,6,,,1,62,,7837,6,,,1,19,,7842,6,,,1
100000801,'Weekday-25',840,,7854,6,,,1,100,,7864,6,,,1,100,,7860,6,,,1,100,,7849,6,,,1,100,,7855,6,,,1,100,,7862,6,,,1,100,,7863,6,,,1,61,,7848,6,,,1,36,,7861,6,,,1,20,,7857,6,,,1,60,,7850,6,,,1,21,,7856,6,,,1,19,,7851,6,,,1,62,,7852,6,,,1,19,,7859,6,,,1,62,,7853,6,,,1,19,,7858,6,,,1
100000801,'Weekday-26',933,,7868,6,,,1,100,,7867,6,,,1,100,,7865,6,,,1,100,,7866,6,,,1,100,,7869,6,,,1,67,,7870,6,,,1,33,,7871,6,,,1,67,,7872,6,,,1,30,,7873,6,,,1,70,,7874,6,,,1,30,,7875,6,,,1,70,,7876,6,,,1,30,,7877,6,,,1,70,,7878,6,,,1
