100000400,'Saturday-21',652,,7456,36,,,1,100,,7449,36,,,1,100,,7457,36,,,1,100,,7450,36,,,1,100,,7453,36,,,1,100,,7458,36,,,1,100,,7451,36,,,1,100,,7454,36,,,1,100,,7459,36,,,1,100,,7452,36,,,1,100,,7455,36,,,1,100,,7460,36,,,1
100000400,'Saturday-23',652,,5857,36,,,1,100,,5850,36,,,1,100,,5858,36,,,1,100,,5851,36,,,1,100,,5854,36,,,1,100,,5859,36,,,1,100,,5852,36,,,1,100,,5855,36,,,1,100,,5860,36,,,1,100,,5853,36,,,1,100,,5856,36,,,1,100,,5861,36,,,1
100000400,'Weekday-20',559,,7482,13,,,1,60,,7468,13,,,1,20,,7473,13,,,1,20,,7477,13,,,1,47,,7469,36,,,1,34,,7470,36,,,1,60,,7463,36,,,1,20,,7471,36,,,1,38,,7472,36,,,1,70,,7461,36,,,1,100,,7475,36,,,1,100,,7476,36,,,1,100,,7464,36,,,1,100,,7465,36,,,1,31,,7466,36,,,1,100,,7480,36,,,1,64,,7481,36,,,1,36,,7474,36,,,1,62,,7478,36,,,1,19,,7462,36,,,1,60,,7479,36,,,1,20,,7484,36,,,1,19,,7483,36,,,1,20,,7485,36,,,1,60,,7467,36,,,1,20,,7486,36,,,1
100000400,'Weekday-25',559,,7507,13,,,1,60,,7494,13,,,1,20,,7499,13,,,1,20,,7503,13,,,1,47,,7495,36,,,1,34,,7496,36,,,1,60,,7489,36,,,1,20,,7497,36,,,1,38,,7498,36,,,1,70,,7487,36,,,1,100,,7501,36,,,1,100,,7502,36,,,1,100,,7490,36,,,1,100,,7491,36,,,1,31,,7492,36,,,1,100,,7512,36,,,1,64,,7506,36,,,1,36,,7500,36,,,1,62,,7504,36,,,1,19,,7488,36,,,1,60,,7505,36,,,1,20,,7509,36,,,1,19,,7508,36,,,1,20,,7510,36,,,1,60,,7493,36,,,1,20,,7511,36,,,1
100000400,'Weekday-26',720,,7522,36,,,1,32,,7523,36,,,1,70,,7524,36,,,1,29,,7525,36,,,1,101,,7521,36,,,1,100,,7518,36,,,1,100,,7519,36,,,1,100,,7526,36,,,1,100,,7520,36,,,1,100,,7527,36,,,1,69,,7528,36,,,1,99,,7513,36,,,1,31,,7514,36,,,1,70,,7515,36,,,1,29,,7516,36,,,1,70,,7517,36,,,1
100000801,'Saturday-21',622,,7830,27,,,1,100,,7818,33,,,1,100,,7819,33,,,1,100,,7820,33,,,1,100,,7821,33,,,1,100,,7822,33,,,1,100,,7823,33,,,1,100,,7824,33,,,1,100,,7825,33,,,1,100,,7826,33,,,1,100,,7827,33,,,1,100,,7828,33,,,1,100,,7829,33,,,1
100000801,'Saturday-23',622,,6097,27,,,1,100,,6085,33,,,1,100,,6086,33,,,1,100,,6087,33,,,1,100,,6088,33,,,1,100,,6089,33,,,1,100,,6090,33,,,1,100,,6091,33,,,1,100,,6092,33,,,1,100,,6093,33,,,1,100,,6094,33,,,1,100,,6095,33,,,1,100,,6096,33,,,1
100000801,'Weekday-20',858,,7838,33,,,1,100,,7847,33,,,1,100,,7844,33,,,1,100,,7833,33,,,1,100,,7839,33,,,1,100,,7845,33,,,1,100,,7846,33,,,1,63,,7831,33,,,1,36,,7832,33,,,1,60,,7841,33,,,1,20,,7834,33,,,1,21,,7840,33,,,1,59,,7835,33,,,1,21,,7836,33,,,1,20,,7843,33,,,1,62,,7837,33,,,1,19,,7842,33,,,1
100000801,'Weekday-25',858,,7854,33,,,1,100,,7864,33,,,1,100,,7860,33,,,1,100,,7849,33,,,1,100,,7855,33,,,1,100,,7862,33,,,1,100,,7863,33,,,1,63,,7848,33,,,1,36,,7861,33,,,1,60,,7857,33,,,1,20,,7850,33,,,1,21,,7856,33,,,1,59,,7851,33,,,1,21,,7852,33,,,1,20,,7859,33,,,1,62,,7853,33,,,1,19,,7858,33,,,1
100000801,'Weekday-26',951,,7868,33,,,1,100,,7867,33,,,1,100,,7865,33,,,1,100,,7866,33,,,1,100,,7869,33,,,1,69,,7870,33,,,1,31,,7871,33,,,1,69,,7872,33,,,1,30,,7873,33,,,1,70,,7874,33,,,1,30,,7875,33,,,1,70,,7876,33,,,1,30,,7877,33,,,1,70,,7878,33,,,1
100001400,'Saturday-21',625,,7971,12,,,1,100,,7962,12,,,1,100,,7972,12,,,1,100,,7963,12,,,1,100,,7973,12,,,1,100,,7964,12,,,1,100,,7974,12,,,1,100,,7965,12,,,1,100,,7975,12,,,1,100,,7966,12,,,1,100,,7976,12,,,1,100,,7967,12,,,1,100,,7977,12,,,1,100,,7968,12,,,1,100,,7978,12,,,1,100,,7969,12,,,1,96,,7979,12,,,1,100,,7970,12,,,1
100001400,'Saturday-23',625,,6171,12,,,1,100,,6162,12,,,1,100,,6172,12,,,1,100,,6163,12,,,1,100,,6173,12,,,1,100,,6164,12,,,1,100,,6174,12,,,1,100,,6165,12,,,1,100,,6175,12,,,1,100,,6166,12,,,1,100,,6176,12,,,1,100,,6167,12,,,1,100,,6177,12,,,1,100,,6168,12,,,1,100,,6178,12,,,1,100,,6169,12,,,1,96,,6179,12,,,1,100,,6170,12,,,1
100001400,'Sunday-22',625,,7986,12,,,1,100,,7980,12,,,1,100,,7987,12,,,1,100,,7981,12,,,1,100,,7988,12,,,1,100,,7982,12,,,1,100,,7989,12,,,1,100,,7983,12,,,1,100,,7990,12,,,1,100,,7984,12,,,1,100,,7991,12,,,1,100,,7985,12,,,1,100,,7992,12,,,1
100001400,'Sunday-62',625,,7999,12,,,1,100,,7993,12,,,1,100,,8000,12,,,1,100,,7994,12,,,1,100,,8001,12,,,1,100,,7995,12,,,1,100,,8002,12,,,1,100,,7996,12,,,1,100,,8003,12,,,1,100,,7997,12,,,1,100,,8004,12,,,1,100,,7998,12,,,1,100,,8005,12,,,1
100001400,'Weekday-20',539,,8007,12,,,1,20,,8009,12,,,1,60,,8021,12,,,1,20,,8010,12,,,1,20,,8022,12,,,1,60,,8008,12,,,1,21,,8020,12,,,1,60,,8014,12,,,1,20,,8015,12,,,1,80,,8016,12,,,1,30,,8019,12,,,1,100,,8017,12,,,1,100,,8006,12,,,1,100,,8036,12,,,1,100,,8037,12,,,1,100,,8018,12,,,1,92,,8040,12,,,1,22,,8023,12,,,1,56,,8030,12,,,1,20,,8038,12,,,1,20,,8011,12,,,1,60,,8039,12,,,1,20,,8025,12,,,1,20,,8013,12,,,1,60,,8027,12,,,1,20,,8035,12,,,1,20,,8012,12,,,1,60,,8024,12,,,1,21,,8026,12,,,1,19,,8031,12,,,1,69,,8034,12,,,1,31,,8032,12,,,1,100,,8028,12,,,1,100,,8033,12,,,1,100,,8029,12,,,1
100001400,'Weekday-25',539,,8042,12,,,1,20,,8044,12,,,1,60,,8056,12,,,1,20,,8045,12,,,1,20,,8057,12,,,1,60,,8043,12,,,1,21,,8055,12,,,1,60,,8049,12,,,1,20,,8050,12,,,1,80,,8051,12,,,1,30,,8054,12,,,1,100,,8052,12,,,1,100,,8041,12,,,1,100,,8071,12,,,1,100,,8072,12,,,1,100,,8053,12,,,1,92,,8075,12,,,1,22,,8058,12,,,1,56,,8065,12,,,1,20,,8073,12,,,1,20,,8046,12,,,1,60,,8074,12,,,1,20,,8060,12,,,1,20,,8048,12,,,1,60,,8062,12,,,1,20,,8070,12,,,1,20,,8047,12,,,1,60,,8059,12,,,1,21,,8061,12,,,1,19,,8066,12,,,1,69,,8069,12,,,1,31,,8067,12,,,1,100,,8063,12,,,1,100,,8068,12,,,1,100,,8064,12,,,1
100001400,'Weekday-26',554,,8076,12,,,1,70,,8077,12,,,1,30,,8078,12,,,1,70,,8079,12,,,1,30,,8080,12,,,1,70,,8081,12,,,1,100,,8085,12,,,1,100,,8083,12,,,1,100,,8084,12,,,1,100,,8094,12,,,1,100,,8082,12,,,1,100,,8097,12,,,1,100,,8086,12,,,1,30,,8092,12,,,1,70,,8087,12,,,1,30,,8088,12,,,1,70,,8089,12,,,1,30,,8093,12,,,1,70,,8090,12,,,1,100,,8101,12,,,1,100,,8095,12,,,1,100,,8098,12,,,1,100,,8096,12,,,1,100,,8099,12,,,1
