20100,'Weekday-20',756,,6741,24,,,1,64,,6735,24,,,1,80,,6742,24,,,1,10,,6726,24,,,1,39,,6736,24,,,1,100,,6732,24,,,1,100,,6727,24,,,1,100,,6733,24,,,1,462,,6740,24,,,1,42,,6730,24,,,1
20100,'Weekday-25',756,,6772,24,,,1,64,,6766,24,,,1,80,,6773,24,,,1,10,,6759,24,,,1,39,,6767,24,,,1,100,,6775,24,,,1,100,,6760,24,,,1,100,,6776,24,,,1,462,,6771,24,,,1,42,,6763,24,,,1
20100,'Weekday-26',741,,6778,24,,,1,73,,6780,24,,,1,199,,6783,24,,,1,100,,6782,24,,,1,100,,6800,24,,,1,100,,6777,24,,,1,100,,6802,24,,,1,101,,6797,24,,,1,102,,6789,24,,,1,30,,6801,24,,,1,71,,6796,24,,,1
20101,'Saturday-21',612,,6811,5,,,1,100,,6819,5,,,1,100,,6810,5,,,1,100,,6820,5,,,1,100,,6804,5,,,1,100,,6814,5,,,1,100,,6805,5,,,1,100,,6815,5,,,1,100,,6803,5,,,1,100,,6816,5,,,1,100,,6807,5,,,1,100,,6818,5,,,1,102,,6809,5,,,1,100,,6813,5,,,1,100,,6806,5,,,1,100,,6817,5,,,1,100,,6812,5,,,1,100,,6821,5,,,1,100,,6808,5,,,1
20101,'Saturday-23',612,,5538,5,,,1,100,,5546,5,,,1,100,,5537,5,,,1,100,,5547,5,,,1,100,,5531,5,,,1,100,,5541,5,,,1,100,,5532,5,,,1,100,,5542,5,,,1,100,,5530,5,,,1,100,,5543,5,,,1,100,,5534,5,,,1,100,,5545,5,,,1,102,,5536,5,,,1,100,,5540,5,,,1,100,,5533,5,,,1,100,,5544,5,,,1,100,,5539,5,,,1,100,,5548,5,,,1,100,,5535,5,,,1
20101,'Sunday-22',605,,6825,5,,,1,100,,6835,5,,,1,106,,6824,5,,,1,100,,6834,5,,,1,100,,6826,5,,,1,100,,6833,5,,,1,100,,6827,5,,,1,100,,6832,5,,,1,100,,6828,5,,,1,100,,6831,5,,,1,100,,6823,5,,,1,100,,6830,5,,,1,100,,6822,5,,,1,100,,6829,5,,,1
20101,'Sunday-62',605,,6839,5,,,1,100,,6849,5,,,1,106,,6838,5,,,1,100,,6848,5,,,1,100,,6840,5,,,1,100,,6847,5,,,1,100,,6841,5,,,1,100,,6846,5,,,1,100,,6842,5,,,1,100,,6845,5,,,1,100,,6837,5,,,1,100,,6844,5,,,1,100,,6836,5,,,1,100,,6843,5,,,1
20101,'Weekday-20',555,,6867,5,,,1,70,,6875,5,,,1,20,,6878,5,,,1,60,,6854,5,,,1,24,,6868,5,,,1,111,,6879,5,,,1,107,,6863,5,,,1,100,,6876,5,,,1,100,,6873,5,,,1,95,,6866,5,,,1,99,,6874,5,,,1,10,,6877,5,,,1,93,,6871,5,,,1,14,,6864,5,,,1,55,,6850,5,,,1,18,,6870,5,,,1,25,,6855,5,,,1,56,,6872,5,,,1,23,,6869,5,,,1,22,,6865,5,,,1,76,,6851,5,,,1,12,,6880,5,,,1,66,,6856,5,,,1,24,,6853,5,,,1,20,,6859,5,,,1,69,,6852,5,,,1,100,,6860,5,,,1,100,,6861,5,,,1,100,,6857,5,,,1,100,,6862,5,,,1,100,,6858,5,,,1
20101,'Weekday-25',555,,6900,5,,,1,70,,6903,5,,,1,20,,6906,5,,,1,60,,6887,5,,,1,24,,6901,5,,,1,111,,6907,5,,,1,107,,6896,5,,,1,100,,6904,5,,,1,100,,6910,5,,,1,95,,6899,5,,,1,99,,6911,5,,,1,10,,6905,5,,,1,93,,6909,5,,,1,14,,6897,5,,,1,55,,6883,5,,,1,18,,6902,5,,,1,25,,6888,5,,,1,56,,6882,5,,,1,23,,6881,5,,,1,22,,6898,5,,,1,76,,6884,5,,,1,12,,6908,5,,,1,66,,6889,5,,,1,24,,6886,5,,,1,20,,6892,5,,,1,69,,6885,5,,,1,100,,6893,5,,,1,100,,6894,5,,,1,100,,6890,5,,,1,100,,6895,5,,,1,100,,6891,5,,,1
20101,'Weekday-26',610,,6914,5,,,1,30,,6915,5,,,1,72,,6933,5,,,1,27,,6923,5,,,1,70,,6913,5,,,1,39,,6934,5,,,1,63,,6925,5,,,1,98,,6932,5,,,1,100,,6917,5,,,1,100,,6916,5,,,1,100,,6935,5,,,1,100,,6912,5,,,1,100,,6936,5,,,1,29,,6931,5,,,1,66,,6918,5,,,1,39,,6924,5,,,1,70,,6937,5,,,1,33,,6919,5,,,1,70,,6926,5,,,1,34,,6927,5,,,1,59,,6920,5,,,1,100,,6928,5,,,1,100,,6921,5,,,1,100,,6929,5,,,1,100,,6922,5,,,1,100,,6930,5,,,1
