20200,'Weekday-20',607,,6945,4,,,1,20,,6939,4,,,1,20,,6950,4,,,1,60,,6958,4,,,1,20,,6949,4,,,1,20,,6948,4,,,1,60,,6946,4,,,1,20,,6955,4,,,1,80,,6959,4,,,1,100,,6940,4,,,1,100,,6956,4,,,1,100,,6938,4,,,1,100,,6960,4,,,1,100,,6957,4,,,1,100,,6954,4,,,1,23,,6944,4,,,1,77,,6953,4,,,1,22,,6943,4,,,1,18,,6942,4,,,1,60,,6951,4,,,1,20,,6941,4,,,1,20,,6961,4,,,1,80,,6947,4,,,1,20,,6952,4,,,1
20200,'Weekday-25',607,,6969,4,,,1,20,,6963,4,,,1,20,,6973,4,,,1,60,,6981,4,,,1,20,,6984,4,,,1,20,,6972,4,,,1,60,,6970,4,,,1,20,,6978,4,,,1,80,,6982,4,,,1,100,,6964,4,,,1,100,,6979,4,,,1,100,,6962,4,,,1,100,,6985,4,,,1,100,,6980,4,,,1,100,,6977,4,,,1,23,,6968,4,,,1,77,,6976,4,,,1,22,,6967,4,,,1,18,,6966,4,,,1,60,,6974,4,,,1,20,,6965,4,,,1,20,,6983,4,,,1,80,,6971,4,,,1,20,,6975,4,,,1
20200,'Weekday-26',602,,6987,4,,,1,30,,6991,4,,,1,70,,6995,4,,,1,30,,6986,4,,,1,70,,6990,4,,,1,30,,6993,4,,,1,100,,6989,4,,,1,100,,6998,4,,,1,100,,6997,4,,,1,100,,6999,4,,,1,100,,6996,4,,,1,100,,7000,4,,,1,100,,6994,4,,,1,70,,7002,4,,,1,30,,6988,4,,,1,70,,6992,4,,,1,30,,7001,4,,,1
100002101,'Weekday-20',646,,8251,4,,,1,64,,8250,4,,,1,19,,8249,4,,,1
100002101,'Weekday-25',646,,8253,4,,,1,64,,8252,4,,,1,19,,8254,4,,,1
100002101,'Weekday-26',703,,8255,4,0,6,1,30,,8256,4,0,6,1,70,,8257,4,0,6,1,29,,8258,4,0,6,1,671,,8259,4,0,6,1,100,,8261,4,0,6,1,30,,8262,4,0,6,1,70,,8260,4,0,6,1
100003101,'Saturday-21',617,,8362,4,,,1,100,,8363,4,,,1,100,,8364,4,,,1,100,,8365,4,,,1,100,,8370,4,,,1,100,,8366,4,,,1,100,,8371,4,,,1,100,,8367,4,,,1,100,,8372,4,,,1,100,,8368,4,,,1,100,,8373,4,,,1,100,,8369,4,,,1,100,,8374,4,,,1
100003101,'Saturday-23',1717,,6425,4,,,1,100,,6430,4,,,1
100003101,'Weekday-20',811,,8386,4,,,1,41,,8378,4,,,1,100,,8379,4,,,1,100,,8380,4,,,1,100,,8381,4,,,1,100,,8382,4,,,1,100,,8383,4,,,1,100,,8384,4,,,1,55,,8375,4,,,1,45,,8385,4,,,1,100,,8376,4,,,1,80,,8387,4,,,1,80,,8377,4,,,1
100003101,'Weekday-25',811,,8399,4,,,1,41,,8391,4,,,1,100,,8392,4,,,1,100,,8393,4,,,1,100,,8394,4,,,1,100,,8395,4,,,1,100,,8396,4,,,1,100,,8397,4,,,1,55,,8388,4,,,1,45,,8398,4,,,1,100,,8389,4,,,1,80,,8400,4,,,1,80,,8390,4,,,1
100003101,'Weekday-26',717,,8407,4,,,1,30,,8401,4,,,1,70,,8408,4,,,1,30,,8402,4,,,1,70,,8409,4,,,1,100,,8410,4,,,1,100,,8411,4,,,1,100,,8412,4,,,1,100,,8416,4,,,1,100,,8417,4,,,1,100,,8418,4,,,1,30,,8404,4,,,1,70,,8419,4,,,1,30,,8405,4,,,1,70,,8413,4,,,1,30,,8406,4,,,1,70,,8414,4,,,1
