20101,'Saturday-21',632,,6811,19,,,1,100,,6819,19,,,1,100,,6810,19,,,1,103,,6820,19,,,1,100,,6804,19,,,1,100,,6814,19,,,1,100,,6805,19,,,1,100,,6815,19,,,1,100,,6803,19,,,1,100,,6816,19,,,1,100,,6807,19,,,1,100,,6818,19,,,1,101,,6809,19,,,1,100,,6813,19,,,1,100,,6806,19,,,1,98,,6817,19,,,1,100,,6812,19,,,1,100,,6821,19,,,1,100,,6808,19,,,1
20101,'Saturday-23',632,,5538,19,,,1,100,,5546,19,,,1,100,,5537,19,,,1,103,,5547,19,,,1,100,,5531,19,,,1,100,,5541,19,,,1,100,,5532,19,,,1,100,,5542,19,,,1,100,,5530,19,,,1,100,,5543,19,,,1,100,,5534,19,,,1,100,,5545,19,,,1,101,,5536,19,,,1,100,,5540,19,,,1,100,,5533,19,,,1,98,,5544,19,,,1,100,,5539,19,,,1,100,,5548,19,,,1,100,,5535,19,,,1
20101,'Sunday-22',625,,6825,19,,,1,100,,6835,19,,,1,106,,6824,19,,,1,100,,6834,19,,,1,105,,6826,19,,,1,100,,6833,19,,,1,100,,6827,19,,,1,100,,6832,19,,,1,100,,6828,19,,,1,100,,6831,19,,,1,100,,6823,19,,,1,100,,6830,19,,,1,97,,6822,19,,,1,100,,6829,19,,,1
20101,'Sunday-62',625,,6839,19,,,1,100,,6849,19,,,1,106,,6838,19,,,1,100,,6848,19,,,1,105,,6840,19,,,1,100,,6847,19,,,1,100,,6841,19,,,1,100,,6846,19,,,1,100,,6842,19,,,1,100,,6845,19,,,1,100,,6837,19,,,1,100,,6844,19,,,1,97,,6836,19,,,1,100,,6843,19,,,1
20101,'Weekday-20',618,,6867,19,,,1,30,,6875,19,,,1,65,,6878,19,,,1,20,,6854,19,,,1,71,,6868,19,,,1,104,,6879,19,,,1,101,,6863,19,,,1,100,,6876,19,,,1,100,,6873,19,,,1,98,,6866,19,,,1,99,,6874,19,,,1,15,,6877,19,,,1,87,,6871,19,,,1,19,,6864,19,,,1,19,,6850,19,,,1,58,,6870,19,,,1,22,,6855,19,,,1,18,,6872,19,,,1,62,,6869,19,,,1,22,,6865,19,,,1,26,,6851,19,,,1,56,,6880,19,,,1,25,,6856,19,,,1,23,,6853,19,,,1,62,,6859,19,,,1,27,,6852,19,,,1,100,,6860,19,,,1,100,,6861,19,,,1,100,,6857,19,,,1,100,,6862,19,,,1,100,,6858,19,,,1
20101,'Weekday-25',618,,6900,19,,,1,30,,6903,19,,,1,65,,6906,19,,,1,20,,6887,19,,,1,71,,6901,19,,,1,104,,6907,19,,,1,101,,6896,19,,,1,100,,6904,19,,,1,100,,6910,19,,,1,98,,6899,19,,,1,99,,6911,19,,,1,15,,6905,19,,,1,87,,6909,19,,,1,19,,6897,19,,,1,19,,6883,19,,,1,58,,6902,19,,,1,22,,6888,19,,,1,18,,6882,19,,,1,62,,6881,19,,,1,22,,6898,19,,,1,26,,6884,19,,,1,56,,6908,19,,,1,25,,6889,19,,,1,23,,6886,19,,,1,62,,6892,19,,,1,27,,6885,19,,,1,100,,6893,19,,,1,100,,6894,19,,,1,100,,6890,19,,,1,100,,6895,19,,,1,100,,6891,19,,,1
20101,'Weekday-26',633,,6914,19,,,1,70,,6915,19,,,1,33,,6933,19,,,1,71,,6923,19,,,1,27,,6913,19,,,1,79,,6934,19,,,1,21,,6925,19,,,1,100,,6932,19,,,1,100,,6917,19,,,1,100,,6916,19,,,1,100,,6935,19,,,1,100,,6912,19,,,1,100,,6936,19,,,1,70,,6931,19,,,1,28,,6918,19,,,1,74,,6924,19,,,1,30,,6937,19,,,1,71,,6919,19,,,1,30,,6926,19,,,1,72,,6927,19,,,1,23,,6920,19,,,1,100,,6928,19,,,1,100,,6921,19,,,1,100,,6929,19,,,1,100,,6922,19,,,1,100,,6930,19,,,1
20201,'Weekday-20',712,,7012,8,,,1,20,,7005,8,,,1,81,,7023,8,,,1,96,,7013,8,,,1,101,,7024,8,,,1,100,,7006,8,,,1,100,,7020,8,,,1,100,,7003,8,,,1,100,,7025,8,,,1,19,,7004,8,,,1,78,,7022,8,,,1,21,,7018,8,,,1,20,,7010,8,,,1,60,,7021,8,,,1,21,,7019,8,,,1,19,,7011,8,,,1,63,,7017,8,,,1,23,,7009,8,,,1,20,,7008,8,,,1,58,,7015,8,,,1,20,,7007,8,,,1,18,,7026,8,,,1,73,,7014,8,,,1,25,,7016,8,,,1
20201,'Weekday-25',712,,7036,8,,,1,20,,7029,8,,,1,81,,7047,8,,,1,96,,7037,8,,,1,101,,7048,8,,,1,100,,7030,8,,,1,100,,7044,8,,,1,100,,7027,8,,,1,100,,7050,8,,,1,19,,7028,8,,,1,78,,7046,8,,,1,21,,7042,8,,,1,20,,7034,8,,,1,60,,7045,8,,,1,21,,7043,8,,,1,19,,7035,8,,,1,63,,7041,8,,,1,23,,7033,8,,,1,20,,7032,8,,,1,58,,7039,8,,,1,20,,7031,8,,,1,18,,7049,8,,,1,73,,7038,8,,,1,25,,7040,8,,,1
20201,'Weekday-26',705,,7051,8,,,1,30,,7055,8,,,1,70,,7058,8,,,1,30,,7052,8,,,1,69,,7056,8,,,1,31,,7059,8,,,1,100,,7057,8,,,1,100,,7064,8,,,1,100,,7062,8,,,1,101,,7065,8,,,1,100,,7063,8,,,1,99,,7066,8,,,1,70,,7053,8,,,1,30,,7060,8,,,1,70,,7068,8,,,1,30,,7054,8,,,1,70,,7061,8,,,1,30,,7067,8,,,1
