100000801,'Saturday-21',615,,7830,24,,,1,100,,7818,30,,,1,100,,7819,30,,,1,100,,7820,30,,,1,100,,7821,30,,,1,100,,7822,30,,,1,100,,7823,30,,,1,100,,7824,30,,,1,100,,7825,30,,,1,100,,7826,30,,,1,100,,7827,30,,,1,100,,7828,30,,,1,100,,7829,30,,,1
100000801,'Saturday-23',615,,6097,24,,,1,100,,6085,30,,,1,100,,6086,30,,,1,100,,6087,30,,,1,100,,6088,30,,,1,100,,6089,30,,,1,100,,6090,30,,,1,100,,6091,30,,,1,100,,6092,30,,,1,100,,6093,30,,,1,100,,6094,30,,,1,100,,6095,30,,,1,100,,6096,30,,,1
100000801,'Weekday-20',852,,7838,30,,,1,100,,7847,30,,,1,100,,7844,30,,,1,101,,7833,30,,,1,100,,7839,30,,,1,100,,7845,30,,,1,100,,7846,30,,,1,60,,7831,30,,,1,36,,7832,30,,,1,60,,7841,30,,,1,20,,7834,30,,,1,21,,7840,30,,,1,59,,7835,30,,,1,22,,7836,30,,,1,19,,7843,30,,,1,62,,7837,30,,,1,19,,7842,30,,,1
100000801,'Weekday-25',852,,7854,30,,,1,100,,7864,30,,,1,100,,7860,30,,,1,101,,7849,30,,,1,100,,7855,30,,,1,100,,7862,30,,,1,100,,7863,30,,,1,60,,7848,30,,,1,36,,7861,30,,,1,60,,7857,30,,,1,20,,7850,30,,,1,21,,7856,30,,,1,59,,7851,30,,,1,22,,7852,30,,,1,19,,7859,30,,,1,62,,7853,30,,,1,19,,7858,30,,,1
100000801,'Weekday-26',945,,7868,30,,,1,100,,7867,30,,,1,101,,7865,30,,,1,100,,7866,30,,,1,100,,7869,30,,,1,66,,7870,30,,,1,34,,7871,30,,,1,66,,7872,30,,,1,30,,7873,30,,,1,70,,7874,30,,,1,30,,7875,30,,,1,70,,7876,30,,,1,30,,7877,30,,,1,70,,7878,30,,,1
100001400,'Saturday-21',621,,7971,9,,,1,100,,7962,9,,,1,100,,7972,9,,,1,100,,7963,9,,,1,100,,7973,9,,,1,100,,7964,9,,,1,100,,7974,9,,,1,100,,7965,9,,,1,100,,7975,9,,,1,100,,7966,9,,,1,100,,7976,9,,,1,100,,7967,9,,,1,100,,7977,9,,,1,100,,7968,9,,,1,100,,7978,9,,,1,100,,7969,9,,,1,96,,7979,9,,,1,100,,7970,9,,,1
100001400,'Saturday-23',621,,6171,9,,,1,100,,6162,9,,,1,100,,6172,9,,,1,100,,6163,9,,,1,100,,6173,9,,,1,100,,6164,9,,,1,100,,6174,9,,,1,100,,6165,9,,,1,100,,6175,9,,,1,100,,6166,9,,,1,100,,6176,9,,,1,100,,6167,9,,,1,100,,6177,9,,,1,100,,6168,9,,,1,100,,6178,9,,,1,100,,6169,9,,,1,96,,6179,9,,,1,100,,6170,9,,,1
100001400,'Sunday-22',621,,7986,9,,,1,100,,7980,9,,,1,100,,7987,9,,,1,100,,7981,9,,,1,100,,7988,9,,,1,100,,7982,9,,,1,100,,7989,9,,,1,100,,7983,9,,,1,100,,7990,9,,,1,100,,7984,9,,,1,100,,7991,9,,,1,100,,7985,9,,,1,100,,7992,9,,,1
100001400,'Sunday-62',621,,7999,9,,,1,100,,7993,9,,,1,100,,8000,9,,,1,100,,7994,9,,,1,100,,8001,9,,,1,100,,7995,9,,,1,100,,8002,9,,,1,100,,7996,9,,,1,100,,8003,9,,,1,100,,7997,9,,,1,100,,8004,9,,,1,100,,7998,9,,,1,100,,8005,9,,,1
100001400,'Weekday-20',535,,8007,9,,,1,20,,8009,9,,,1,60,,8021,9,,,1,20,,8010,9,,,1,20,,8022,9,,,1,60,,8008,9,,,1,21,,8020,9,,,1,20,,8014,9,,,1,60,,8015,9,,,1,40,,8016,9,,,1,70,,8019,9,,,1,100,,8017,9,,,1,100,,8006,9,,,1,100,,8036,9,,,1,100,,8037,9,,,1,100,,8018,9,,,1,91,,8040,9,,,1,23,,8023,9,,,1,16,,8030,9,,,1,60,,8038,9,,,1,20,,8011,9,,,1,20,,8039,9,,,1,60,,8025,9,,,1,20,,8013,9,,,1,20,,8027,9,,,1,60,,8035,9,,,1,20,,8012,9,,,1,20,,8024,9,,,1,61,,8026,9,,,1,19,,8031,9,,,1,69,,8034,9,,,1,31,,8032,9,,,1,100,,8028,9,,,1,100,,8033,9,,,1,100,,8029,9,,,1
100001400,'Weekday-25',535,,8042,9,,,1,20,,8044,9,,,1,60,,8056,9,,,1,20,,8045,9,,,1,20,,8057,9,,,1,60,,8043,9,,,1,21,,8055,9,,,1,20,,8049,9,,,1,60,,8050,9,,,1,40,,8051,9,,,1,70,,8054,9,,,1,100,,8052,9,,,1,100,,8041,9,,,1,100,,8071,9,,,1,100,,8072,9,,,1,100,,8053,9,,,1,91,,8075,9,,,1,23,,8058,9,,,1,16,,8065,9,,,1,60,,8073,9,,,1,20,,8046,9,,,1,20,,8074,9,,,1,60,,8060,9,,,1,20,,8048,9,,,1,20,,8062,9,,,1,60,,8070,9,,,1,20,,8047,9,,,1,20,,8059,9,,,1,61,,8061,9,,,1,19,,8066,9,,,1,69,,8069,9,,,1,31,,8067,9,,,1,100,,8063,9,,,1,100,,8068,9,,,1,100,,8064,9,,,1
100001400,'Weekday-26',550,,8076,9,,,1,70,,8077,9,,,1,30,,8078,9,,,1,70,,8079,9,,,1,30,,8080,9,,,1,70,,8081,9,,,1,100,,8085,9,,,1,100,,8083,9,,,1,100,,8084,9,,,1,100,,8094,9,,,1,100,,8082,9,,,1,100,,8097,9,,,1,100,,8086,9,,,1,30,,8092,9,,,1,70,,8087,9,,,1,30,,8088,9,,,1,70,,8089,9,,,1,30,,8093,9,,,1,70,,8090,9,,,1,100,,8101,9,,,1,100,,8095,9,,,1,100,,8098,9,,,1,100,,8096,9,,,1,100,,8099,9,,,1
