100000600,'Saturday-21',559,,7613,17,,,1,100,,7614,17,,,1,100,,7615,17,,,1,100,,7616,17,,,1,100,,7617,17,,,1,100,,7618,17,,,1,100,,7619,17,,,1,100,,7620,17,,,1,100,,7621,17,,,1,100,,7622,17,,,1,100,,7623,17,,,1,100,,7624,17,,,1,100,,7625,17,,,1
100000600,'Saturday-23',559,,5952,17,,,1,100,,5953,17,,,1,100,,5954,17,,,1,100,,5955,17,,,1,100,,5956,17,,,1,100,,5957,17,,,1,100,,5958,17,,,1,100,,5959,17,,,1,100,,5960,17,,,1,100,,5961,17,,,1,100,,5962,17,,,1,100,,5963,17,,,1,100,,5964,17,,,1
100000600,'Weekday-20',548,,7628,17,,,1,60,,7627,17,,,1,20,,7629,17,,,1,20,,7635,17,,,1,60,,7631,17,,,1,20,,7634,17,,,1,18,,7630,17,,,1,60,,7639,17,,,1,40,,7648,17,,,1,100,,7636,17,,,1,100,,7626,17,,,1,100,,7633,17,,,1,100,,7637,17,,,1,100,,7647,17,,,1,100,,7638,17,,,1,60,,7632,17,,,1,40,,7640,17,,,1,60,,7649,17,,,1,20,,7644,17,,,1,20,,7641,17,,,1,60,,7642,17,,,1,20,,7646,17,,,1,20,,7645,17,,,1,80,,7643,17,,,1
100000600,'Weekday-25',548,,7652,17,,,1,60,,7651,17,,,1,20,,7653,17,,,1,20,,7659,17,,,1,60,,7655,17,,,1,20,,7658,17,,,1,18,,7654,17,,,1,60,,7663,17,,,1,40,,7672,17,,,1,100,,7660,17,,,1,100,,7650,17,,,1,100,,7657,17,,,1,100,,7661,17,,,1,100,,7671,17,,,1,100,,7662,17,,,1,60,,7656,17,,,1,40,,7664,17,,,1,60,,7673,17,,,1,20,,7668,17,,,1,20,,7665,17,,,1,60,,7666,17,,,1,20,,7670,17,,,1,20,,7669,17,,,1,80,,7667,17,,,1
100000600,'Weekday-26',543,,7688,17,,,1,70,,7689,17,,,1,30,,7686,17,,,1,70,,7682,17,,,1,30,,7687,17,,,1,70,,7683,17,,,1,100,,7684,17,,,1,100,,7690,17,,,1,100,,7685,17,,,1,100,,7691,17,,,1,100,,7680,17,,,1,100,,7692,17,,,1,100,,7681,17,,,1,30,,7676,17,,,1,70,,7677,17,,,1,30,,7674,17,,,1,70,,7678,17,,,1,30,,7675,17,,,1,70,,7679,17,,,1
100001400,'Saturday-21',615,,7971,4,,,1,100,,7962,4,,,1,100,,7972,4,,,1,100,,7963,4,,,1,100,,7973,4,,,1,100,,7964,4,,,1,100,,7974,4,,,1,100,,7965,4,,,1,100,,7975,4,,,1,100,,7966,4,,,1,100,,7976,4,,,1,100,,7967,4,,,1,100,,7977,4,,,1,100,,7968,4,,,1,100,,7978,4,,,1,100,,7969,4,,,1,96,,7979,4,,,1,100,,7970,4,,,1
100001400,'Saturday-23',615,,6171,4,,,1,100,,6162,4,,,1,100,,6172,4,,,1,100,,6163,4,,,1,100,,6173,4,,,1,100,,6164,4,,,1,100,,6174,4,,,1,100,,6165,4,,,1,100,,6175,4,,,1,100,,6166,4,,,1,100,,6176,4,,,1,100,,6167,4,,,1,100,,6177,4,,,1,100,,6168,4,,,1,100,,6178,4,,,1,100,,6169,4,,,1,96,,6179,4,,,1,100,,6170,4,,,1
100001400,'Sunday-22',615,,7986,4,,,1,100,,7980,4,,,1,100,,7987,4,,,1,100,,7981,4,,,1,100,,7988,4,,,1,100,,7982,4,,,1,100,,7989,4,,,1,100,,7983,4,,,1,100,,7990,4,,,1,100,,7984,4,,,1,100,,7991,4,,,1,100,,7985,4,,,1,100,,7992,4,,,1
100001400,'Sunday-62',615,,7999,4,,,1,100,,7993,4,,,1,100,,8000,4,,,1,100,,7994,4,,,1,100,,8001,4,,,1,100,,7995,4,,,1,100,,8002,4,,,1,100,,7996,4,,,1,100,,8003,4,,,1,100,,7997,4,,,1,100,,8004,4,,,1,100,,7998,4,,,1,100,,8005,4,,,1
100001400,'Weekday-20',529,,8007,4,,,1,20,,8009,4,,,1,60,,8021,4,,,1,20,,8010,4,,,1,20,,8022,4,,,1,60,,8008,4,,,1,21,,8020,4,,,1,20,,8014,4,,,1,60,,8015,4,,,1,40,,8016,4,,,1,70,,8019,4,,,1,100,,8017,4,,,1,100,,8006,4,,,1,100,,8036,4,,,1,100,,8037,4,,,1,100,,8018,4,,,1,91,,8040,4,,,1,23,,8023,4,,,1,16,,8030,4,,,1,60,,8038,4,,,1,20,,8011,4,,,1,20,,8039,4,,,1,60,,8025,4,,,1,20,,8013,4,,,1,20,,8027,4,,,1,60,,8035,4,,,1,20,,8012,4,,,1,20,,8024,4,,,1,61,,8026,4,,,1,19,,8031,4,,,1,29,,8034,4,,,1,71,,8032,4,,,1,100,,8028,4,,,1,100,,8033,4,,,1,100,,8029,4,,,1
100001400,'Weekday-25',529,,8042,4,,,1,20,,8044,4,,,1,60,,8056,4,,,1,20,,8045,4,,,1,20,,8057,4,,,1,60,,8043,4,,,1,21,,8055,4,,,1,20,,8049,4,,,1,60,,8050,4,,,1,40,,8051,4,,,1,70,,8054,4,,,1,100,,8052,4,,,1,100,,8041,4,,,1,100,,8071,4,,,1,100,,8072,4,,,1,100,,8053,4,,,1,91,,8075,4,,,1,23,,8058,4,,,1,16,,8065,4,,,1,60,,8073,4,,,1,20,,8046,4,,,1,20,,8074,4,,,1,60,,8060,4,,,1,20,,8048,4,,,1,20,,8062,4,,,1,60,,8070,4,,,1,20,,8047,4,,,1,20,,8059,4,,,1,61,,8061,4,,,1,19,,8066,4,,,1,29,,8069,4,,,1,71,,8067,4,,,1,100,,8063,4,,,1,100,,8068,4,,,1,100,,8064,4,,,1
100001400,'Weekday-26',544,,8076,4,,,1,70,,8077,4,,,1,30,,8078,4,,,1,70,,8079,4,,,1,30,,8080,4,,,1,70,,8081,4,,,1,100,,8085,4,,,1,100,,8083,4,,,1,100,,8084,4,,,1,100,,8094,4,,,1,100,,8082,4,,,1,100,,8097,4,,,1,100,,8086,4,,,1,30,,8092,4,,,1,70,,8087,4,,,1,30,,8088,4,,,1,70,,8089,4,,,1,30,,8093,4,,,1,70,,8090,4,,,1,27,,8091,4,0,11 12 13,1,73,,8101,4,,,1,27,,8100,4,0,11 12 13,1,73,,8095,4,,,1,100,,8098,4,,,1,100,,8096,4,,,1,100,,8099,4,,,1
