100000400,'Saturday-21',651,,7456,35,,,1,100,,7449,35,,,1,100,,7457,35,,,1,100,,7450,35,,,1,100,,7453,35,,,1,100,,7458,35,,,1,100,,7451,35,,,1,100,,7454,35,,,1,100,,7459,35,,,1,100,,7452,35,,,1,100,,7455,35,,,1,100,,7460,35,,,1
100000400,'Saturday-23',651,,5857,35,,,1,100,,5850,35,,,1,100,,5858,35,,,1,100,,5851,35,,,1,100,,5854,35,,,1,100,,5859,35,,,1,100,,5852,35,,,1,100,,5855,35,,,1,100,,5860,35,,,1,100,,5853,35,,,1,100,,5856,35,,,1,100,,5861,35,,,1
100000400,'Weekday-20',558,,7482,12,,,1,60,,7468,12,,,1,20,,7473,12,,,1,20,,7477,12,,,1,47,,7469,35,,,1,34,,7470,35,,,1,20,,7463,35,,,1,60,,7471,35,,,1,39,,7472,35,,,1,70,,7461,35,,,1,100,,7475,35,,,1,100,,7476,35,,,1,100,,7464,35,,,1,100,,7465,35,,,1,30,,7466,35,,,1,100,,7480,35,,,1,64,,7481,35,,,1,36,,7474,35,,,1,62,,7478,35,,,1,19,,7462,35,,,1,20,,7479,35,,,1,60,,7484,35,,,1,18,,7483,35,,,1,20,,7485,35,,,1,61,,7467,35,,,1,20,,7486,35,,,1
100000400,'Weekday-25',558,,7507,12,,,1,60,,7494,12,,,1,20,,7499,12,,,1,20,,7503,12,,,1,47,,7495,35,,,1,34,,7496,35,,,1,20,,7489,35,,,1,60,,7497,35,,,1,39,,7498,35,,,1,70,,7487,35,,,1,100,,7501,35,,,1,100,,7502,35,,,1,100,,7490,35,,,1,100,,7491,35,,,1,30,,7492,35,,,1,100,,7512,35,,,1,64,,7506,35,,,1,36,,7500,35,,,1,62,,7504,35,,,1,19,,7488,35,,,1,20,,7505,35,,,1,60,,7509,35,,,1,18,,7508,35,,,1,20,,7510,35,,,1,61,,7493,35,,,1,20,,7511,35,,,1
100000400,'Weekday-26',719,,7522,35,,,1,32,,7523,35,,,1,70,,7524,35,,,1,29,,7525,35,,,1,102,,7521,35,,,1,100,,7518,35,,,1,100,,7519,35,,,1,100,,7526,35,,,1,100,,7520,35,,,1,100,,7527,35,,,1,68,,7528,35,,,1,99,,7513,35,,,1,31,,7514,35,,,1,70,,7515,35,,,1,28,,7516,35,,,1,71,,7517,35,,,1
100000801,'Saturday-21',620,,7830,26,,,1,100,,7818,32,,,1,100,,7819,32,,,1,100,,7820,32,,,1,100,,7821,32,,,1,100,,7822,32,,,1,100,,7823,32,,,1,100,,7824,32,,,1,100,,7825,32,,,1,100,,7826,32,,,1,100,,7827,32,,,1,100,,7828,32,,,1,100,,7829,32,,,1
100000801,'Saturday-23',620,,6097,26,,,1,100,,6085,32,,,1,100,,6086,32,,,1,100,,6087,32,,,1,100,,6088,32,,,1,100,,6089,32,,,1,100,,6090,32,,,1,100,,6091,32,,,1,100,,6092,32,,,1,100,,6093,32,,,1,100,,6094,32,,,1,100,,6095,32,,,1,100,,6096,32,,,1
100000801,'Weekday-20',857,,7838,32,,,1,100,,7847,32,,,1,100,,7844,32,,,1,100,,7833,32,,,1,100,,7839,32,,,1,100,,7845,32,,,1,100,,7846,32,,,1,62,,7831,32,,,1,36,,7832,32,,,1,60,,7841,32,,,1,20,,7834,32,,,1,21,,7840,32,,,1,59,,7835,32,,,1,22,,7836,32,,,1,19,,7843,32,,,1,62,,7837,32,,,1,19,,7842,32,,,1
100000801,'Weekday-25',857,,7854,32,,,1,100,,7864,32,,,1,100,,7860,32,,,1,100,,7849,32,,,1,100,,7855,32,,,1,100,,7862,32,,,1,100,,7863,32,,,1,62,,7848,32,,,1,36,,7861,32,,,1,60,,7857,32,,,1,20,,7850,32,,,1,21,,7856,32,,,1,59,,7851,32,,,1,22,,7852,32,,,1,19,,7859,32,,,1,62,,7853,32,,,1,19,,7858,32,,,1
100000801,'Weekday-26',950,,7868,32,,,1,100,,7867,32,,,1,100,,7865,32,,,1,100,,7866,32,,,1,100,,7869,32,,,1,68,,7870,32,,,1,32,,7871,32,,,1,68,,7872,32,,,1,30,,7873,32,,,1,70,,7874,32,,,1,30,,7875,32,,,1,70,,7876,32,,,1,30,,7877,32,,,1,70,,7878,32,,,1
100001400,'Saturday-21',624,,7971,11,,,1,100,,7962,11,,,1,100,,7972,11,,,1,100,,7963,11,,,1,100,,7973,11,,,1,100,,7964,11,,,1,100,,7974,11,,,1,100,,7965,11,,,1,100,,7975,11,,,1,100,,7966,11,,,1,100,,7976,11,,,1,100,,7967,11,,,1,100,,7977,11,,,1,100,,7968,11,,,1,100,,7978,11,,,1,100,,7969,11,,,1,96,,7979,11,,,1,100,,7970,11,,,1
100001400,'Saturday-23',624,,6171,11,,,1,100,,6162,11,,,1,100,,6172,11,,,1,100,,6163,11,,,1,100,,6173,11,,,1,100,,6164,11,,,1,100,,6174,11,,,1,100,,6165,11,,,1,100,,6175,11,,,1,100,,6166,11,,,1,100,,6176,11,,,1,100,,6167,11,,,1,100,,6177,11,,,1,100,,6168,11,,,1,100,,6178,11,,,1,100,,6169,11,,,1,96,,6179,11,,,1,100,,6170,11,,,1
100001400,'Sunday-22',624,,7986,11,,,1,100,,7980,11,,,1,100,,7987,11,,,1,100,,7981,11,,,1,100,,7988,11,,,1,100,,7982,11,,,1,100,,7989,11,,,1,100,,7983,11,,,1,100,,7990,11,,,1,100,,7984,11,,,1,100,,7991,11,,,1,100,,7985,11,,,1,100,,7992,11,,,1
100001400,'Sunday-62',624,,7999,11,,,1,100,,7993,11,,,1,100,,8000,11,,,1,100,,7994,11,,,1,100,,8001,11,,,1,100,,7995,11,,,1,100,,8002,11,,,1,100,,7996,11,,,1,100,,8003,11,,,1,100,,7997,11,,,1,100,,8004,11,,,1,100,,7998,11,,,1,100,,8005,11,,,1
100001400,'Weekday-20',538,,8007,11,,,1,20,,8009,11,,,1,60,,8021,11,,,1,20,,8010,11,,,1,20,,8022,11,,,1,60,,8008,11,,,1,21,,8020,11,,,1,20,,8014,11,,,1,60,,8015,11,,,1,40,,8016,11,,,1,70,,8019,11,,,1,100,,8017,11,,,1,100,,8006,11,,,1,100,,8036,11,,,1,100,,8037,11,,,1,100,,8018,11,,,1,92,,8040,11,,,1,22,,8023,11,,,1,16,,8030,11,,,1,60,,8038,11,,,1,20,,8011,11,,,1,20,,8039,11,,,1,60,,8025,11,,,1,20,,8013,11,,,1,20,,8027,11,,,1,60,,8035,11,,,1,20,,8012,11,,,1,20,,8024,11,,,1,61,,8026,11,,,1,19,,8031,11,,,1,69,,8034,11,,,1,31,,8032,11,,,1,100,,8028,11,,,1,100,,8033,11,,,1,100,,8029,11,,,1
100001400,'Weekday-25',538,,8042,11,,,1,20,,8044,11,,,1,60,,8056,11,,,1,20,,8045,11,,,1,20,,8057,11,,,1,60,,8043,11,,,1,21,,8055,11,,,1,20,,8049,11,,,1,60,,8050,11,,,1,40,,8051,11,,,1,70,,8054,11,,,1,100,,8052,11,,,1,100,,8041,11,,,1,100,,8071,11,,,1,100,,8072,11,,,1,100,,8053,11,,,1,92,,8075,11,,,1,22,,8058,11,,,1,16,,8065,11,,,1,60,,8073,11,,,1,20,,8046,11,,,1,20,,8074,11,,,1,60,,8060,11,,,1,20,,8048,11,,,1,20,,8062,11,,,1,60,,8070,11,,,1,20,,8047,11,,,1,20,,8059,11,,,1,61,,8061,11,,,1,19,,8066,11,,,1,69,,8069,11,,,1,31,,8067,11,,,1,100,,8063,11,,,1,100,,8068,11,,,1,100,,8064,11,,,1
100001400,'Weekday-26',553,,8076,11,,,1,70,,8077,11,,,1,30,,8078,11,,,1,70,,8079,11,,,1,30,,8080,11,,,1,70,,8081,11,,,1,100,,8085,11,,,1,100,,8083,11,,,1,100,,8084,11,,,1,100,,8094,11,,,1,100,,8082,11,,,1,100,,8097,11,,,1,100,,8086,11,,,1,30,,8092,11,,,1,70,,8087,11,,,1,30,,8088,11,,,1,70,,8089,11,,,1,30,,8093,11,,,1,70,,8090,11,,,1,100,,8101,11,,,1,100,,8095,11,,,1,100,,8098,11,,,1,100,,8096,11,,,1,100,,8099,11,,,1
