100000501,'Saturday-21',606,,7541,8,,,1,100,,7536,13,,,1,100,,7529,13,,,1,100,,7537,13,,,1,100,,7530,13,,,1,100,,7538,13,,,1,100,,7531,13,,,1,100,,7534,13,,,1,100,,7539,13,,,1,100,,7532,13,,,1,100,,7535,13,,,1,100,,7540,13,,,1,100,,7533,13,,,1
100000501,'Saturday-23',606,,5912,8,,,1,100,,5907,13,,,1,100,,5900,13,,,1,100,,5908,13,,,1,100,,5901,13,,,1,100,,5909,13,,,1,100,,5902,13,,,1,100,,5905,13,,,1,100,,5910,13,,,1,100,,5903,13,,,1,100,,5906,13,,,1,100,,5911,13,,,1,100,,5904,13,,,1
100000501,'Weekday-20',521,,7542,8,,,1,20,,7553,8,,,1,60,,7560,8,,,1,20,,7549,8,,,1,20,,7556,8,,,1,62,,7548,13,,,1,18,,7557,13,,,1,20,,7567,13,,,1,63,,7543,13,,,1,40,,7544,13,,,1,99,,7545,13,,,1,100,,7559,13,,,1,100,,7563,13,,,1,100,,7558,13,,,1,100,,7561,13,,,1,99,,7562,13,,,1,65,,7564,13,,,1,37,,7565,13,,,1,62,,7554,13,,,1,18,,7550,13,,,1,20,,7555,13,,,1,60,,7551,13,,,1,19,,7547,13,,,1,20,,7552,13,,,1,61,,7566,13,,,1,20,,7546,13,,,1
100000501,'Weekday-25',521,,7568,8,,,1,20,,7577,8,,,1,60,,7583,8,,,1,20,,7582,8,,,1,20,,7586,8,,,1,62,,7589,13,,,1,18,,7593,13,,,1,20,,7588,13,,,1,63,,7569,13,,,1,40,,7570,13,,,1,99,,7571,13,,,1,100,,7581,13,,,1,100,,7592,13,,,1,100,,7580,13,,,1,100,,7590,13,,,1,99,,7591,13,,,1,65,,7584,13,,,1,37,,7585,13,,,1,62,,7578,13,,,1,18,,7574,13,,,1,20,,7579,13,,,1,60,,7575,13,,,1,19,,7573,13,,,1,20,,7576,13,,,1,61,,7587,13,,,1,20,,7572,13,,,1
100000501,'Weekday-26',533,,7594,8,,,1,70,,7595,8,,,1,30,,7602,8,,,1,72,,7603,13,,,1,28,,7604,13,,,1,73,,7605,13,,,1,30,,7606,13,,,1,69,,7607,13,,,1,100,,7608,13,,,1,100,,7596,13,,,1,100,,7597,13,,,1,100,,7609,13,,,1,100,,7612,13,,,1,101,,7601,13,,,1,29,,7610,8,,,1,71,,7611,13,,,1,100,,7598,13,,,1,29,,7599,13,,,1,71,,7600,13,,,1
100000601,'Saturday-21',630,,7693,15,,,1,100,,7694,15,,,1,100,,7695,15,,,1,100,,7696,15,,,1,100,,7697,15,,,1,100,,7698,15,,,1,100,,7699,15,,,1,100,,7700,15,,,1,100,,7701,15,,,1,100,,7702,15,,,1,100,,7703,15,,,1,100,,7704,15,,,1,100,,7705,15,,,1
100000601,'Saturday-23',630,,6002,15,,,1,100,,6003,15,,,1,100,,6004,15,,,1,100,,6005,15,,,1,100,,6006,15,,,1,100,,6007,15,,,1,100,,6008,15,,,1,100,,6009,15,,,1,100,,6010,15,,,1,100,,6011,15,,,1,100,,6012,15,,,1,100,,6013,15,,,1,100,,6014,15,,,1
100000601,'Weekday-20',810,,7722,15,,,1,40,,7711,15,,,1,100,,7706,15,,,1,100,,7708,15,,,1,100,,7712,15,,,1,102,,7721,15,,,1,100,,7713,15,,,1,100,,7709,15,,,1,62,,7714,15,,,1,36,,7719,15,,,1,62,,7715,15,,,1,18,,7717,15,,,1,20,,7720,15,,,1,60,,7718,15,,,1,21,,7723,15,,,1,20,,7716,15,,,1,61,,7710,15,,,1,21,,7707,15,,,1
100000601,'Weekday-25',810,,7740,15,,,1,40,,7729,15,,,1,100,,7725,15,,,1,100,,7727,15,,,1,100,,7730,15,,,1,102,,7739,15,,,1,100,,7731,15,,,1,100,,7728,15,,,1,62,,7732,15,,,1,36,,7737,15,,,1,62,,7733,15,,,1,18,,7735,15,,,1,20,,7738,15,,,1,60,,7736,15,,,1,21,,7741,15,,,1,20,,7734,15,,,1,61,,7724,15,,,1,21,,7726,15,,,1
100000601,'Weekday-26',712,,7755,15,,,1,30,,7752,15,,,1,70,,7756,15,,,1,30,,7753,15,,,1,70,,7742,15,,,1,100,,7754,15,,,1,100,,7757,15,,,1,100,,7751,15,,,1,100,,7747,15,,,1,100,,7750,15,,,1,100,,7745,15,,,1,100,,7746,15,,,1,30,,7749,15,,,1,70,,7744,15,,,1,30,,7748,15,,,1,70,,7743,15,,,1
