20100,'Weekday-20',807,,6741,29,4,,1,24,,6735,29,4,,1,80,,6742,29,4,,1,10,,6726,29,4,,1,35,,6736,29,4,,1,100,,6732,29,4,,1,100,,6727,29,4,,1,100,,6733,29,4,,1,462,,6740,29,4,,1,82,,6730,29,4,,1
20100,'Weekday-25',807,,6772,29,4,,1,24,,6766,29,4,,1,80,,6773,29,4,,1,10,,6759,29,4,,1,35,,6767,29,4,,1,100,,6775,29,4,,1,100,,6760,29,4,,1,100,,6776,29,4,,1,462,,6771,29,4,,1,82,,6763,29,4,,1
20100,'Weekday-26',750,,6778,29,4,,1,73,,6780,29,4,,1,200,,6783,29,4,,1,100,,6782,29,4,,1,101,,6800,29,4,,1,100,,6777,29,4,,1,100,,6802,29,4,,1,101,,6797,29,4,,1,100,,6789,29,4,,1,30,,6801,29,4,,1,71,,6796,29,4,,1
20101,'Saturday-21',619,,6811,10,,,1,100,,6819,10,,,1,100,,6810,10,,,1,101,,6820,10,,,1,100,,6804,10,,,1,100,,6814,10,,,1,100,,6805,10,,,1,100,,6815,10,,,1,100,,6803,10,,,1,100,,6816,10,,,1,100,,6807,10,,,1,100,,6818,10,,,1,102,,6809,10,,,1,100,,6813,10,,,1,100,,6806,10,,,1,99,,6817,10,,,1,100,,6812,10,,,1,100,,6821,10,,,1,100,,6808,10,,,1
20101,'Saturday-23',619,,5538,10,,,1,100,,5546,10,,,1,100,,5537,10,,,1,101,,5547,10,,,1,100,,5531,10,,,1,100,,5541,10,,,1,100,,5532,10,,,1,100,,5542,10,,,1,100,,5530,10,,,1,100,,5543,10,,,1,100,,5534,10,,,1,100,,5545,10,,,1,102,,5536,10,,,1,100,,5540,10,,,1,100,,5533,10,,,1,99,,5544,10,,,1,100,,5539,10,,,1,100,,5548,10,,,1,100,,5535,10,,,1
20101,'Sunday-22',612,,6825,10,,,1,100,,6835,10,,,1,106,,6824,10,,,1,100,,6834,10,,,1,102,,6826,10,,,1,100,,6833,10,,,1,100,,6827,10,,,1,100,,6832,10,,,1,100,,6828,10,,,1,100,,6831,10,,,1,100,,6823,10,,,1,100,,6830,10,,,1,99,,6822,10,,,1,100,,6829,10,,,1
20101,'Sunday-62',612,,6839,10,,,1,100,,6849,10,,,1,106,,6838,10,,,1,100,,6848,10,,,1,102,,6840,10,,,1,100,,6847,10,,,1,100,,6841,10,,,1,100,,6846,10,,,1,100,,6842,10,,,1,100,,6845,10,,,1,100,,6837,10,,,1,100,,6844,10,,,1,99,,6836,10,,,1,100,,6843,10,,,1
20101,'Weekday-20',602,,6867,10,,,1,30,,6875,10,,,1,21,,6878,10,,,1,60,,6854,10,,,1,23,,6868,10,,,1,115,,6879,10,,,1,103,,6863,10,,,1,100,,6876,10,,,1,100,,6873,10,,,1,95,,6866,10,,,1,99,,6874,10,,,1,10,,6877,10,,,1,93,,6871,10,,,1,54,,6864,10,,,1,16,,6850,10,,,1,18,,6870,10,,,1,64,,6855,10,,,1,16,,6872,10,,,1,24,,6869,10,,,1,61,,6865,10,,,1,36,,6851,10,,,1,12,,6880,10,,,1,66,,6856,10,,,1,24,,6853,10,,,1,60,,6859,10,,,1,29,,6852,10,,,1,100,,6860,10,,,1,100,,6861,10,,,1,100,,6857,10,,,1,100,,6862,10,,,1,100,,6858,10,,,1
20101,'Weekday-25',602,,6900,10,,,1,30,,6903,10,,,1,21,,6906,10,,,1,60,,6887,10,,,1,23,,6901,10,,,1,115,,6907,10,,,1,103,,6896,10,,,1,100,,6904,10,,,1,100,,6910,10,,,1,95,,6899,10,,,1,99,,6911,10,,,1,10,,6905,10,,,1,93,,6909,10,,,1,54,,6897,10,,,1,16,,6883,10,,,1,18,,6902,10,,,1,64,,6888,10,,,1,16,,6882,10,,,1,24,,6881,10,,,1,61,,6898,10,,,1,36,,6884,10,,,1,12,,6908,10,,,1,66,,6889,10,,,1,24,,6886,10,,,1,60,,6892,10,,,1,29,,6885,10,,,1,100,,6893,10,,,1,100,,6894,10,,,1,100,,6890,10,,,1,100,,6895,10,,,1,100,,6891,10,,,1
20101,'Weekday-26',617,,6914,10,,,1,30,,6915,10,,,1,76,,6933,10,,,1,30,,6923,10,,,1,66,,6913,10,,,1,81,,6934,10,,,1,19,,6925,10,,,1,100,,6932,10,,,1,100,,6917,10,,,1,100,,6916,10,,,1,100,,6935,10,,,1,100,,6912,10,,,1,100,,6936,10,,,1,29,,6931,10,,,1,65,,6918,10,,,1,39,,6924,10,,,1,70,,6937,10,,,1,33,,6919,10,,,1,70,,6926,10,,,1,34,,6927,10,,,1,57,,6920,10,,,1,100,,6928,10,,,1,100,,6921,10,,,1,100,,6929,10,,,1,100,,6922,10,,,1,100,,6930,10,,,1
20801,'Weekday-20',1509,,7371,7,,,1,14,,7369,7,,,1,24,,7374,7,,,1,57,,7375,7,,,1,29,,7373,7,,,1,13,,7370,7,,,1,68,,7372,7,,,1
20801,'Weekday-25',1509,,7379,7,,,1,14,,7377,7,,,1,24,,7376,7,,,1,57,,7382,7,,,1,29,,7381,7,,,1,13,,7378,7,,,1,68,,7380,7,,,1
