20201,'Weekday-20',731,,7012,19,,,1,20,,7005,19,,,1,80,,7023,19,,,1,97,,7013,19,,,1,100,,7024,19,,,1,100,,7006,19,,,1,100,,7020,19,,,1,100,,7003,19,,,1,100,,7025,19,,,1,20,,7004,19,,,1,80,,7022,19,,,1,23,,7018,19,,,1,60,,7010,19,,,1,20,,7021,19,,,1,20,,7019,19,,,1,60,,7011,19,,,1,20,,7017,19,,,1,21,,7009,19,,,1,61,,7008,19,,,1,18,,7015,19,,,1,19,,7007,19,,,1,58,,7026,19,,,1,33,,7014,19,,,1,65,,7016,19,,,1
20201,'Weekday-25',731,,7036,19,,,1,20,,7029,19,,,1,80,,7047,19,,,1,97,,7037,19,,,1,100,,7048,19,,,1,100,,7030,19,,,1,100,,7044,19,,,1,100,,7027,19,,,1,100,,7050,19,,,1,20,,7028,19,,,1,80,,7046,19,,,1,23,,7042,19,,,1,60,,7034,19,,,1,20,,7045,19,,,1,20,,7043,19,,,1,60,,7035,19,,,1,20,,7041,19,,,1,21,,7033,19,,,1,61,,7032,19,,,1,18,,7039,19,,,1,19,,7031,19,,,1,58,,7049,19,,,1,33,,7038,19,,,1,65,,7040,19,,,1
20201,'Weekday-26',723,,7051,19,,,1,30,,7055,19,,,1,70,,7058,19,,,1,30,,7052,19,,,1,70,,7056,19,,,1,30,,7059,19,,,1,100,,7057,19,,,1,100,,7064,19,,,1,100,,7062,19,,,1,100,,7065,19,,,1,100,,7063,19,,,1,100,,7066,19,,,1,70,,7053,19,,,1,30,,7060,19,,,1,70,,7068,19,,,1,30,,7054,19,,,1,70,,7061,19,,,1,30,,7067,19,,,1
100002100,'Weekday-20',1546,,8234,33,,,1,82,,8236,33,,,1,82,,8235,33,,,1,39,,8233,33,,,1,80,,8232,33,,,1
100002100,'Weekday-25',1546,,8239,33,,,1,82,,8241,33,,,1,82,,8240,33,,,1,39,,8238,33,,,1,80,,8237,33,,,1
100002100,'Weekday-26',723,,8242,16,,,1,30,,8243,16,,,1,70,,8244,16,,,1,700,,8245,16,,,1,100,,8246,16,,,1,30,,8247,16,,,1,70,,8248,16,,,1
100003100,'Saturday-21',604,,8309,28,,,1,100,,8310,28,,,1,100,,8311,28,,,1,100,,8312,28,,,1,100,,8317,28,,,1,100,,8313,28,,,1,100,,8318,28,,,1,100,,8314,28,,,1,100,,8319,28,,,1,100,,8315,28,,,1,100,,8320,28,,,1,100,,8316,28,,,1,100,,8321,28,,,1
100003100,'Saturday-23',1704,,6387,28,,,1,100,,6392,28,,,1
100003100,'Weekday-20',727,,8323,28,,,1,119,,8325,28,,,1,98,,8326,28,,,1,100,,8327,28,,,1,100,,8328,28,,,1,100,,8329,28,,,1,100,,8330,28,,,1,100,,8331,28,,,1,61,,8324,28,,,1,36,,8332,28,,,1,66,,8322,28,,,1,242,,8333,28,,,1
100003100,'Weekday-25',727,,8336,28,,,1,119,,8338,28,,,1,98,,8339,28,,,1,100,,8340,28,,,1,100,,8341,28,,,1,100,,8342,28,,,1,100,,8343,28,,,1,100,,8344,28,,,1,61,,8337,28,,,1,36,,8345,28,,,1,66,,8335,28,,,1,242,,8334,28,,,1
100003100,'Weekday-26',705,,8356,28,,,1,31,,8347,28,,,1,69,,8357,28,,,1,30,,8346,28,,,1,68,,8353,28,,,1,100,,8354,28,,,1,100,,8355,28,,,1,100,,8352,28,,,1,100,,8350,28,,,1,101,,8358,28,,,1,100,,8359,28,,,1,100,,8360,28,,,1,30,,8348,28,,,1,72,,8361,28,,,1,29,,8349,28,,,1,70,,8351,28,,,1
