20100,'Weekday-20',804,,6741,27,,,1,24,,6735,27,,,1,80,,6742,27,,,1,10,,6726,27,,,1,36,,6736,27,,,1,100,,6732,27,,,1,100,,6727,27,,,1,100,,6733,27,,,1,462,,6740,27,,,1,42,,6730,27,,,1
20100,'Weekday-25',804,,6772,27,,,1,24,,6766,27,,,1,80,,6773,27,,,1,10,,6759,27,,,1,36,,6767,27,,,1,100,,6775,27,,,1,100,,6760,27,,,1,100,,6776,27,,,1,462,,6771,27,,,1,42,,6763,27,,,1
20100,'Weekday-26',747,,6778,27,,,1,73,,6780,27,,,1,200,,6783,27,,,1,100,,6782,27,,,1,101,,6800,27,,,1,100,,6777,27,,,1,100,,6802,27,,,1,101,,6797,27,,,1,100,,6789,27,,,1,30,,6801,27,,,1,71,,6796,27,,,1
20101,'Saturday-21',617,,6811,8,,,1,100,,6819,8,,,1,100,,6810,8,,,1,100,,6820,8,,,1,100,,6804,8,,,1,100,,6814,8,,,1,100,,6805,8,,,1,100,,6815,8,,,1,100,,6803,8,,,1,100,,6816,8,,,1,100,,6807,8,,,1,100,,6818,8,,,1,102,,6809,8,,,1,100,,6813,8,,,1,100,,6806,8,,,1,100,,6817,8,,,1,100,,6812,8,,,1,100,,6821,8,,,1,100,,6808,8,,,1
20101,'Saturday-23',617,,5538,8,,,1,100,,5546,8,,,1,100,,5537,8,,,1,100,,5547,8,,,1,100,,5531,8,,,1,100,,5541,8,,,1,100,,5532,8,,,1,100,,5542,8,,,1,100,,5530,8,,,1,100,,5543,8,,,1,100,,5534,8,,,1,100,,5545,8,,,1,102,,5536,8,,,1,100,,5540,8,,,1,100,,5533,8,,,1,100,,5544,8,,,1,100,,5539,8,,,1,100,,5548,8,,,1,100,,5535,8,,,1
20101,'Sunday-22',610,,6825,8,,,1,100,,6835,8,,,1,106,,6824,8,,,1,100,,6834,8,,,1,101,,6826,8,,,1,100,,6833,8,,,1,100,,6827,8,,,1,100,,6832,8,,,1,100,,6828,8,,,1,100,,6831,8,,,1,100,,6823,8,,,1,100,,6830,8,,,1,99,,6822,8,,,1,100,,6829,8,,,1
20101,'Sunday-62',610,,6839,8,,,1,100,,6849,8,,,1,106,,6838,8,,,1,100,,6848,8,,,1,101,,6840,8,,,1,100,,6847,8,,,1,100,,6841,8,,,1,100,,6846,8,,,1,100,,6842,8,,,1,100,,6845,8,,,1,100,,6837,8,,,1,100,,6844,8,,,1,99,,6836,8,,,1,100,,6843,8,,,1
20101,'Weekday-20',600,,6867,8,,,1,30,,6875,8,,,1,20,,6878,8,,,1,60,,6854,8,,,1,24,,6868,8,,,1,114,,6879,8,,,1,104,,6863,8,,,1,100,,6876,8,,,1,100,,6873,8,,,1,95,,6866,8,,,1,99,,6874,8,,,1,10,,6877,8,,,1,93,,6871,8,,,1,54,,6864,8,,,1,15,,6850,8,,,1,18,,6870,8,,,1,65,,6855,8,,,1,16,,6872,8,,,1,23,,6869,8,,,1,62,,6865,8,,,1,36,,6851,8,,,1,12,,6880,8,,,1,66,,6856,8,,,1,24,,6853,8,,,1,60,,6859,8,,,1,29,,6852,8,,,1,100,,6860,8,,,1,100,,6861,8,,,1,100,,6857,8,,,1,100,,6862,8,,,1,100,,6858,8,,,1
20101,'Weekday-25',600,,6900,8,,,1,30,,6903,8,,,1,20,,6906,8,,,1,60,,6887,8,,,1,24,,6901,8,,,1,114,,6907,8,,,1,104,,6896,8,,,1,100,,6904,8,,,1,100,,6910,8,,,1,95,,6899,8,,,1,99,,6911,8,,,1,10,,6905,8,,,1,93,,6909,8,,,1,54,,6897,8,,,1,15,,6883,8,,,1,18,,6902,8,,,1,65,,6888,8,,,1,16,,6882,8,,,1,23,,6881,8,,,1,62,,6898,8,,,1,36,,6884,8,,,1,12,,6908,8,,,1,66,,6889,8,,,1,24,,6886,8,,,1,60,,6892,8,,,1,29,,6885,8,,,1,100,,6893,8,,,1,100,,6894,8,,,1,100,,6890,8,,,1,100,,6895,8,,,1,100,,6891,8,,,1
20101,'Weekday-26',615,,6914,8,,,1,30,,6915,8,,,1,75,,6933,8,,,1,29,,6923,8,,,1,67,,6913,8,,,1,40,,6934,8,,,1,60,,6925,8,,,1,100,,6932,8,,,1,100,,6917,8,,,1,100,,6916,8,,,1,100,,6935,8,,,1,100,,6912,8,,,1,100,,6936,8,,,1,29,,6931,8,,,1,65,,6918,8,,,1,39,,6924,8,,,1,70,,6937,8,,,1,33,,6919,8,,,1,70,,6926,8,,,1,34,,6927,8,,,1,58,,6920,8,,,1,100,,6928,8,,,1,100,,6921,8,,,1,100,,6929,8,,,1,100,,6922,8,,,1,100,,6930,8,,,1
20801,'Weekday-20',1507,,7371,5,,,1,14,,7369,5,,,1,24,,7374,5,,,1,57,,7375,5,,,1,29,,7373,5,,,1,13,,7370,5,,,1,68,,7372,5,,,1
20801,'Weekday-25',1507,,7379,5,,,1,14,,7377,5,,,1,24,,7376,5,,,1,57,,7382,5,,,1,29,,7381,5,,,1,13,,7378,5,,,1,68,,7380,5,,,1
