100000600,'Saturday-21',548,,7613,1,,,1,100,,7614,1,,,1,100,,7615,1,,,1,100,,7616,1,,,1,100,,7617,1,,,1,100,,7618,1,,,1,100,,7619,1,,,1,100,,7620,1,,,1,100,,7621,1,,,1,100,,7622,1,,,1,100,,7623,1,,,1,100,,7624,1,,,1,100,,7625,1,,,1
100000600,'Saturday-23',548,,5952,1,,,1,100,,5953,1,,,1,100,,5954,1,,,1,100,,5955,1,,,1,100,,5956,1,,,1,100,,5957,1,,,1,100,,5958,1,,,1,100,,5959,1,,,1,100,,5960,1,,,1,100,,5961,1,,,1,100,,5962,1,,,1,100,,5963,1,,,1,100,,5964,1,,,1
100000600,'Weekday-20',538,,7628,1,,,1,20,,7627,1,,,1,60,,7629,1,,,1,20,,7635,1,,,1,20,,7631,1,,,1,60,,7634,1,,,1,18,,7630,1,,,1,20,,7639,1,,,1,80,,7648,1,,,1,100,,7636,1,,,1,100,,7626,1,,,1,100,,7633,1,,,1,100,,7637,1,,,1,100,,7647,1,,,1,100,,7638,1,,,1,20,,7632,1,,,1,80,,7640,1,,,1,20,,7649,1,,,1,60,,7644,1,,,1,20,,7641,1,,,1,20,,7642,1,,,1,60,,7646,1,,,1,20,,7645,1,,,1,80,,7643,1,,,1
100000600,'Weekday-25',538,,7652,1,,,1,20,,7651,1,,,1,60,,7653,1,,,1,20,,7659,1,,,1,20,,7655,1,,,1,60,,7658,1,,,1,18,,7654,1,,,1,20,,7663,1,,,1,80,,7672,1,,,1,100,,7660,1,,,1,100,,7650,1,,,1,100,,7657,1,,,1,100,,7661,1,,,1,100,,7671,1,,,1,100,,7662,1,,,1,20,,7656,1,,,1,80,,7664,1,,,1,20,,7673,1,,,1,60,,7668,1,,,1,20,,7665,1,,,1,20,,7666,1,,,1,60,,7670,1,,,1,20,,7669,1,,,1,80,,7667,1,,,1
100000600,'Weekday-26',532,,7688,1,,,1,70,,7689,1,,,1,30,,7686,1,,,1,70,,7682,1,,,1,30,,7687,1,,,1,70,,7683,1,,,1,100,,7684,1,,,1,100,,7690,1,,,1,100,,7685,1,,,1,100,,7691,1,,,1,100,,7680,1,,,1,100,,7692,1,,,1,100,,7681,1,,,1,30,,7676,1,,,1,70,,7677,1,,,1,30,,7674,1,,,1,70,,7678,1,,,1,30,,7675,1,,,1,70,,7679,1,,,1
100000601,'Saturday-21',644,,7693,26,4,,1,100,,7694,26,4,,1,100,,7695,26,4,,1,100,,7696,26,4,,1,100,,7697,26,4,,1,100,,7698,26,4,,1,100,,7699,26,4,,1,100,,7700,26,4,,1,100,,7701,26,4,,1,100,,7702,26,4,,1,100,,7703,26,4,,1,100,,7704,26,4,,1,100,,7705,26,4,,1
100000601,'Saturday-23',644,,6002,26,4,,1,100,,6003,26,4,,1,100,,6004,26,4,,1,100,,6005,26,4,,1,100,,6006,26,4,,1,100,,6007,26,4,,1,100,,6008,26,4,,1,100,,6009,26,4,,1,100,,6010,26,4,,1,100,,6011,26,4,,1,100,,6012,26,4,,1,100,,6013,26,4,,1,100,,6014,26,4,,1
100000601,'Weekday-20',819,,7722,26,4,,1,40,,7711,26,4,,1,100,,7706,26,4,,1,100,,7708,26,4,,1,100,,7712,26,4,,1,142,,7721,26,4,,1,100,,7713,26,4,,1,100,,7709,26,4,,1,22,,7714,26,4,,1,36,,7719,26,4,,1,62,,7715,26,4,,1,18,,7717,26,4,,1,20,,7720,26,4,,1,60,,7718,26,4,,1,21,,7723,26,4,,1,60,,7716,26,4,,1,21,,7710,26,4,,1,21,,7707,26,4,,1
100000601,'Weekday-25',819,,7740,26,4,,1,40,,7729,26,4,,1,100,,7725,26,4,,1,100,,7727,26,4,,1,100,,7730,26,4,,1,142,,7739,26,4,,1,100,,7731,26,4,,1,100,,7728,26,4,,1,22,,7732,26,4,,1,36,,7737,26,4,,1,62,,7733,26,4,,1,18,,7735,26,4,,1,20,,7738,26,4,,1,60,,7736,26,4,,1,21,,7741,26,4,,1,60,,7734,26,4,,1,21,,7724,26,4,,1,21,,7726,26,4,,1
100000601,'Weekday-26',726,,7755,26,4,,1,30,,7752,26,4,,1,70,,7756,26,4,,1,30,,7753,26,4,,1,70,,7742,26,4,,1,100,,7754,26,4,,1,100,,7757,26,4,,1,100,,7751,26,4,,1,100,,7747,26,4,,1,100,,7750,26,4,,1,100,,7745,26,4,,1,100,,7746,26,4,,1,30,,7749,26,4,,1,70,,7744,26,4,,1,30,,7748,26,4,,1,70,,7743,26,4,,1
