100000901,'Weekday-20',559,,7906,15,,,1,60,,7907,15,,,1,20,,7909,15,,,1,20,,7911,15,,,1,60,,7913,15,,,1,20,,7910,15,,,1,20,,7912,15,,,1,60,,7903,15,,,1,820,,7904,15,,,1,20,,7908,15,,,1,60,,7914,15,,,1,20,,7905,15,,,1
100000901,'Weekday-25',559,,7919,15,,,1,60,,7920,15,,,1,20,,7921,15,,,1,20,,7923,15,,,1,60,,7925,15,,,1,20,,7922,15,,,1,20,,7924,15,,,1,60,,7916,15,,,1,820,,7917,15,,,1,20,,7915,15,,,1,60,,7926,15,,,1,20,,7918,15,,,1
100000901,'Weekday-26',555,,7935,15,,,1,70,,7930,15,,,1,30,,7927,15,,,1,70,,7931,15,,,1,30,,7934,15,,,1,900,,7932,15,,,1,70,,7928,15,,,1,30,,7933,15,,,1,70,,7929,15,,,1
100003201,'Saturday-21',622,,8482,14,,,1,100,,8483,14,,,1,100,,8484,14,,,1,100,,8485,14,,,1,100,,8477,14,,,1,100,,8488,14,,,1,100,,8478,14,,,1,100,,8486,14,,,1,100,,8479,14,,,1,100,,8489,14,,,1,100,,8480,14,,,1,100,,8487,14,,,1,100,,8481,14,,,1
100003201,'Saturday-23',622,,6501,14,,,1,100,,6502,14,,,1,100,,6503,14,,,1,100,,6504,14,,,1,100,,6496,14,,,1,100,,6507,14,,,1,100,,6497,14,,,1,100,,6505,14,,,1,100,,6498,14,,,1,100,,6508,14,,,1,100,,6499,14,,,1,100,,6506,14,,,1,100,,6500,14,,,1
100003201,'Weekday-20',537,,8490,9,,,1,20,,8492,14,,,1,60,,8491,9,,,1,35,,8495,14,,,1,107,,8499,14,0,7,1,61,,8496,14,0,7,1,35,,8502,14,,,1,99,,8493,14,,,1,100,,8498,14,,,1,101,,8503,14,,,1,97,,8500,14,,,1,103,,8504,14,,,1,93,,8505,14,,,1,66,,8497,14,,,1,16,,8501,14,,,1,25,,8494,14,,,1
100003201,'Weekday-25',537,,8519,9,,,1,20,,8507,14,,,1,60,,8520,9,,,1,35,,8510,14,,,1,107,,8514,14,0,7,1,61,,8511,14,0,7,1,35,,8521,14,,,1,99,,8508,14,,,1,100,,8513,14,,,1,101,,8516,14,,,1,97,,8515,14,,,1,103,,8517,14,,,1,93,,8518,14,,,1,66,,8512,14,,,1,16,,8506,14,,,1,25,,8509,14,,,1
100003201,'Weekday-26',553,,8536,14,,,1,70,,8540,14,,,1,30,,8537,14,,,1,70,,8541,14,,,1,32,,8538,14,,,1,60,,8522,14,,,1,40,,8539,14,,,1,69,,8523,14,,,1,100,,8524,14,,,1,100,,8525,14,,,1,101,,8526,14,,,1,97,,8527,14,,,1,103,,8528,14,,,1,101,,8529,14,,,1,29,,8533,14,,,1,70,,8530,14,,,1,30,,8534,14,,,1,68,,8531,14,,,1,31,,8535,14,,,1,70,,8532,14,,,1
100003301,'Saturday-21',624,,8614,16,,,1,100,,8615,16,,,1,100,,8616,16,,,1,100,,8617,16,,,1,100,,8622,16,,,1,100,,8618,16,,,1,100,,8619,16,,,1,100,,8623,16,,,1,100,,8624,16,,,1,100,,8620,16,,,1,100,,8621,16,,,1,100,,8625,16,,,1,100,,8626,16,,,1
100003301,'Saturday-23',624,,6586,16,,,1,100,,6587,16,,,1,100,,6588,16,,,1,100,,6589,16,,,1,100,,6594,16,,,1,100,,6590,16,,,1,100,,6591,16,,,1,100,,6595,16,,,1,100,,6596,16,,,1,100,,6592,16,,,1,100,,6593,16,,,1,100,,6597,16,,,1,100,,6598,16,,,1
100003301,'Weekday-20',902,,8627,16,,,1,99,,8628,16,,,1,101,,8629,16,,,1,101,,8630,16,,,1,98,,8631,16,,,1,99,,8632,16,,,1,100,,8633,16,,,1,15,,8637,16,,,1,86,,8634,16,,,1,205,,8635,16,4,,1,20,,8640,16,4,,1
100003301,'Weekday-25',902,,8643,16,,,1,99,,8644,16,,,1,101,,8645,16,,,1,101,,8646,16,,,1,98,,8647,16,,,1,99,,8648,16,,,1,100,,8649,16,,,1,15,,8653,16,,,1,86,,8650,16,,,1,205,,8651,16,4,,1,20,,8656,16,4,,1
100003301,'Weekday-26',826,,8659,16,,,1,31,,8670,16,,,1,70,,8660,16,,,1,99,,8661,16,,,1,101,,8662,16,,,1,101,,8663,16,,,1,98,,8664,16,,,1,99,,8665,16,,,1,100,,8666,16,,,1,31,,8668,16,,,1,69,,8667,16,,,1,15,,8672,16,4,,1,65,,8673,16,4,,1,33,,8671,16,4,,1,69,,8669,16,4,,1
