20100,'Weekday-20',752,,6741,22,,,1,64,,6735,22,,,1,40,,6742,22,,,1,50,,6726,22,,,1,40,,6736,22,,,1,100,,6732,22,,,1,100,,6727,22,,,1,100,,6733,22,,,1,462,,6740,22,,,1,42,,6730,22,,,1
20100,'Weekday-25',752,,6772,22,,,1,64,,6766,22,,,1,40,,6773,22,,,1,50,,6759,22,,,1,40,,6767,22,,,1,100,,6775,22,,,1,100,,6760,22,,,1,100,,6776,22,,,1,462,,6771,22,,,1,42,,6763,22,,,1
20100,'Weekday-26',737,,6778,22,,,1,73,,6780,22,,,1,199,,6783,22,,,1,100,,6782,22,,,1,100,,6800,22,,,1,100,,6777,22,,,1,100,,6802,22,,,1,101,,6797,22,,,1,102,,6789,22,,,1,30,,6801,22,,,1,71,,6796,22,,,1
20101,'Saturday-21',609,,6811,3,,,1,100,,6819,3,,,1,100,,6810,3,,,1,100,,6820,3,,,1,100,,6804,3,,,1,100,,6814,3,,,1,100,,6805,3,,,1,100,,6815,3,,,1,100,,6803,3,,,1,100,,6816,3,,,1,100,,6807,3,,,1,100,,6818,3,,,1,102,,6809,3,,,1,100,,6813,3,,,1,100,,6806,3,,,1,100,,6817,3,,,1,100,,6812,3,,,1,100,,6821,3,,,1,100,,6808,3,,,1
20101,'Saturday-23',609,,5538,3,,,1,100,,5546,3,,,1,100,,5537,3,,,1,100,,5547,3,,,1,100,,5531,3,,,1,100,,5541,3,,,1,100,,5532,3,,,1,100,,5542,3,,,1,100,,5530,3,,,1,100,,5543,3,,,1,100,,5534,3,,,1,100,,5545,3,,,1,102,,5536,3,,,1,100,,5540,3,,,1,100,,5533,3,,,1,100,,5544,3,,,1,100,,5539,3,,,1,100,,5548,3,,,1,100,,5535,3,,,1
20101,'Sunday-22',602,,6825,3,,,1,100,,6835,3,,,1,106,,6824,3,,,1,100,,6834,3,,,1,100,,6826,3,,,1,100,,6833,3,,,1,100,,6827,3,,,1,100,,6832,3,,,1,100,,6828,3,,,1,100,,6831,3,,,1,100,,6823,3,,,1,100,,6830,3,,,1,100,,6822,3,,,1,100,,6829,3,,,1
20101,'Sunday-62',602,,6839,3,,,1,100,,6849,3,,,1,106,,6838,3,,,1,100,,6848,3,,,1,100,,6840,3,,,1,100,,6847,3,,,1,100,,6841,3,,,1,100,,6846,3,,,1,100,,6842,3,,,1,100,,6845,3,,,1,100,,6837,3,,,1,100,,6844,3,,,1,100,,6836,3,,,1,100,,6843,3,,,1
20101,'Weekday-20',552,,6867,3,,,1,70,,6875,3,,,1,20,,6878,3,,,1,60,,6854,3,,,1,24,,6868,3,,,1,110,,6879,3,,,1,108,,6863,3,,,1,100,,6876,3,,,1,100,,6873,3,,,1,95,,6866,3,,,1,99,,6874,3,,,1,10,,6877,3,,,1,93,,6871,3,,,1,14,,6864,3,,,1,55,,6850,3,,,1,18,,6870,3,,,1,25,,6855,3,,,1,56,,6872,3,,,1,23,,6869,3,,,1,22,,6865,3,,,1,76,,6851,3,,,1,12,,6880,3,,,1,66,,6856,3,,,1,24,,6853,3,,,1,20,,6859,3,,,1,70,,6852,3,,,1,100,,6860,3,,,1,100,,6861,3,,,1,100,,6857,3,,,1,100,,6862,3,,,1,100,,6858,3,,,1
20101,'Weekday-25',552,,6900,3,,,1,70,,6903,3,,,1,20,,6906,3,,,1,60,,6887,3,,,1,24,,6901,3,,,1,110,,6907,3,,,1,108,,6896,3,,,1,100,,6904,3,,,1,100,,6910,3,,,1,95,,6899,3,,,1,99,,6911,3,,,1,10,,6905,3,,,1,93,,6909,3,,,1,14,,6897,3,,,1,55,,6883,3,,,1,18,,6902,3,,,1,25,,6888,3,,,1,56,,6882,3,,,1,23,,6881,3,,,1,22,,6898,3,,,1,76,,6884,3,,,1,12,,6908,3,,,1,66,,6889,3,,,1,24,,6886,3,,,1,20,,6892,3,,,1,70,,6885,3,,,1,100,,6893,3,,,1,100,,6894,3,,,1,100,,6890,3,,,1,100,,6895,3,,,1,100,,6891,3,,,1
20101,'Weekday-26',607,,6914,3,,,1,30,,6915,3,,,1,71,,6933,3,,,1,26,,6923,3,,,1,71,,6913,3,,,1,39,,6934,3,,,1,64,,6925,3,,,1,97,,6932,3,,,1,100,,6917,3,,,1,100,,6916,3,,,1,100,,6935,3,,,1,100,,6912,3,,,1,100,,6936,3,,,1,29,,6931,3,,,1,66,,6918,3,,,1,39,,6924,3,,,1,70,,6937,3,,,1,34,,6919,3,,,1,70,,6926,3,,,1,34,,6927,3,,,1,60,,6920,3,,,1,100,,6928,3,,,1,100,,6921,3,,,1,100,,6929,3,,,1,100,,6922,3,,,1,100,,6930,3,,,1
