20101,'Saturday-21',631,,6811,17,,,1,100,,6819,17,,,1,100,,6810,17,,,1,103,,6820,17,,,1,100,,6804,17,,,1,100,,6814,17,,,1,100,,6805,17,,,1,100,,6815,17,,,1,100,,6803,17,,,1,100,,6816,17,,,1,100,,6807,17,,,1,100,,6818,17,,,1,101,,6809,17,,,1,100,,6813,17,,,1,100,,6806,17,,,1,98,,6817,17,,,1,100,,6812,17,,,1,100,,6821,17,,,1,100,,6808,17,,,1
20101,'Saturday-23',631,,5538,17,,,1,100,,5546,17,,,1,100,,5537,17,,,1,103,,5547,17,,,1,100,,5531,17,,,1,100,,5541,17,,,1,100,,5532,17,,,1,100,,5542,17,,,1,100,,5530,17,,,1,100,,5543,17,,,1,100,,5534,17,,,1,100,,5545,17,,,1,101,,5536,17,,,1,100,,5540,17,,,1,100,,5533,17,,,1,98,,5544,17,,,1,100,,5539,17,,,1,100,,5548,17,,,1,100,,5535,17,,,1
20101,'Sunday-22',624,,6825,17,,,1,100,,6835,17,,,1,106,,6824,17,,,1,100,,6834,17,,,1,104,,6826,17,,,1,100,,6833,17,,,1,100,,6827,17,,,1,100,,6832,17,,,1,100,,6828,17,,,1,100,,6831,17,,,1,100,,6823,17,,,1,100,,6830,17,,,1,98,,6822,17,,,1,100,,6829,17,,,1
20101,'Sunday-62',624,,6839,17,,,1,100,,6849,17,,,1,106,,6838,17,,,1,100,,6848,17,,,1,104,,6840,17,,,1,100,,6847,17,,,1,100,,6841,17,,,1,100,,6846,17,,,1,100,,6842,17,,,1,100,,6845,17,,,1,100,,6837,17,,,1,100,,6844,17,,,1,98,,6836,17,,,1,100,,6843,17,,,1
20101,'Weekday-20',616,,6867,17,,,1,30,,6875,17,,,1,65,,6878,17,,,1,21,,6854,17,,,1,68,,6868,17,,,1,106,,6879,17,,,1,102,,6863,17,,,1,100,,6876,17,,,1,100,,6873,17,,,1,97,,6866,17,,,1,99,,6874,17,,,1,14,,6877,17,,,1,88,,6871,17,,,1,18,,6864,17,,,1,19,,6850,17,,,1,58,,6870,17,,,1,22,,6855,17,,,1,17,,6872,17,,,1,63,,6869,17,,,1,22,,6865,17,,,1,28,,6851,17,,,1,55,,6880,17,,,1,26,,6856,17,,,1,22,,6853,17,,,1,62,,6859,17,,,1,27,,6852,17,,,1,100,,6860,17,,,1,100,,6861,17,,,1,100,,6857,17,,,1,100,,6862,17,,,1,100,,6858,17,,,1
20101,'Weekday-25',616,,6900,17,,,1,30,,6903,17,,,1,65,,6906,17,,,1,21,,6887,17,,,1,68,,6901,17,,,1,106,,6907,17,,,1,102,,6896,17,,,1,100,,6904,17,,,1,100,,6910,17,,,1,97,,6899,17,,,1,99,,6911,17,,,1,14,,6905,17,,,1,88,,6909,17,,,1,18,,6897,17,,,1,19,,6883,17,,,1,58,,6902,17,,,1,22,,6888,17,,,1,17,,6882,17,,,1,63,,6881,17,,,1,22,,6898,17,,,1,28,,6884,17,,,1,55,,6908,17,,,1,26,,6889,17,,,1,22,,6886,17,,,1,62,,6892,17,,,1,27,,6885,17,,,1,100,,6893,17,,,1,100,,6894,17,,,1,100,,6890,17,,,1,100,,6895,17,,,1,100,,6891,17,,,1
20101,'Weekday-26',631,,6914,17,,,1,70,,6915,17,,,1,34,,6933,17,,,1,71,,6923,17,,,1,27,,6913,17,,,1,79,,6934,17,,,1,21,,6925,17,,,1,100,,6932,17,,,1,100,,6917,17,,,1,100,,6916,17,,,1,100,,6935,17,,,1,100,,6912,17,,,1,100,,6936,17,,,1,70,,6931,17,,,1,27,,6918,17,,,1,75,,6924,17,,,1,30,,6937,17,,,1,71,,6919,17,,,1,30,,6926,17,,,1,72,,6927,17,,,1,22,,6920,17,,,1,100,,6928,17,,,1,100,,6921,17,,,1,100,,6929,17,,,1,100,,6922,17,,,1,100,,6930,17,,,1
20201,'Weekday-20',711,,7012,6,,,1,20,,7005,6,,,1,80,,7023,6,,,1,96,,7013,6,,,1,102,,7024,6,,,1,100,,7006,6,,,1,100,,7020,6,,,1,100,,7003,6,,,1,99,,7025,6,,,1,20,,7004,6,,,1,77,,7022,6,,,1,21,,7018,6,,,1,19,,7010,6,,,1,60,,7021,6,,,1,21,,7019,6,,,1,20,,7011,6,,,1,64,,7017,6,,,1,22,,7009,6,,,1,21,,7008,6,,,1,57,,7015,6,,,1,20,,7007,6,,,1,18,,7026,6,,,1,73,,7014,6,,,1,25,,7016,6,,,1
20201,'Weekday-25',711,,7036,6,,,1,20,,7029,6,,,1,80,,7047,6,,,1,96,,7037,6,,,1,102,,7048,6,,,1,100,,7030,6,,,1,100,,7044,6,,,1,100,,7027,6,,,1,99,,7050,6,,,1,20,,7028,6,,,1,77,,7046,6,,,1,21,,7042,6,,,1,19,,7034,6,,,1,60,,7045,6,,,1,21,,7043,6,,,1,20,,7035,6,,,1,64,,7041,6,,,1,22,,7033,6,,,1,21,,7032,6,,,1,57,,7039,6,,,1,20,,7031,6,,,1,18,,7049,6,,,1,73,,7038,6,,,1,25,,7040,6,,,1
20201,'Weekday-26',703,,7051,6,,,1,30,,7055,6,,,1,70,,7058,6,,,1,30,,7052,6,,,1,69,,7056,6,,,1,32,,7059,6,,,1,100,,7057,6,,,1,100,,7064,6,,,1,100,,7062,6,,,1,100,,7065,6,,,1,100,,7063,6,,,1,100,,7066,6,,,1,70,,7053,6,,,1,30,,7060,6,,,1,70,,7068,6,,,1,29,,7054,6,,,1,70,,7061,6,,,1,30,,7067,6,,,1
