100001400,'Saturday-21',614,,7971,1,,,1,100,,7962,1,,,1,100,,7972,1,,,1,100,,7963,1,,,1,100,,7973,1,,,1,100,,7964,1,,,1,100,,7974,1,,,1,100,,7965,1,,,1,100,,7975,1,,,1,100,,7966,1,,,1,100,,7976,1,,,1,100,,7967,1,,,1,100,,7977,1,,,1,100,,7968,1,,,1,100,,7978,1,,,1,100,,7969,1,,,1,96,,7979,1,,,1,100,,7970,1,,,1
100001400,'Saturday-23',614,,6171,1,,,1,100,,6162,1,,,1,100,,6172,1,,,1,100,,6163,1,,,1,100,,6173,1,,,1,100,,6164,1,,,1,100,,6174,1,,,1,100,,6165,1,,,1,100,,6175,1,,,1,100,,6166,1,,,1,100,,6176,1,,,1,100,,6167,1,,,1,100,,6177,1,,,1,100,,6168,1,,,1,100,,6178,1,,,1,100,,6169,1,,,1,96,,6179,1,,,1,100,,6170,1,,,1
100001400,'Sunday-22',614,,7986,1,,,1,100,,7980,1,,,1,100,,7987,1,,,1,100,,7981,1,,,1,100,,7988,1,,,1,100,,7982,1,,,1,100,,7989,1,,,1,100,,7983,1,,,1,100,,7990,1,,,1,100,,7984,1,,,1,100,,7991,1,,,1,100,,7985,1,,,1,100,,7992,1,,,1
100001400,'Sunday-62',614,,7999,1,,,1,100,,7993,1,,,1,100,,8000,1,,,1,100,,7994,1,,,1,100,,8001,1,,,1,100,,7995,1,,,1,100,,8002,1,,,1,100,,7996,1,,,1,100,,8003,1,,,1,100,,7997,1,,,1,100,,8004,1,,,1,100,,7998,1,,,1,100,,8005,1,,,1
100001400,'Weekday-20',528,,8007,1,,,1,20,,8009,1,,,1,60,,8021,1,,,1,20,,8010,1,,,1,20,,8022,1,,,1,60,,8008,1,,,1,21,,8020,1,,,1,20,,8014,1,,,1,60,,8015,1,,,1,40,,8016,1,,,1,70,,8019,1,,,1,100,,8017,1,,,1,100,,8006,1,,,1,100,,8036,1,,,1,100,,8037,1,,,1,100,,8018,1,,,1,91,,8040,1,,,1,23,,8023,1,,,1,16,,8030,1,,,1,60,,8038,1,,,1,20,,8011,1,,,1,20,,8039,1,,,1,60,,8025,1,,,1,20,,8013,1,,,1,20,,8027,1,,,1,60,,8035,1,,,1,20,,8012,1,,,1,20,,8024,1,,,1,61,,8026,1,,,1,19,,8031,1,,,1,29,,8034,1,,,1,71,,8032,1,,,1,100,,8028,1,,,1,100,,8033,1,,,1,100,,8029,1,,,1
100001400,'Weekday-25',528,,8042,1,,,1,20,,8044,1,,,1,60,,8056,1,,,1,20,,8045,1,,,1,20,,8057,1,,,1,60,,8043,1,,,1,21,,8055,1,,,1,20,,8049,1,,,1,60,,8050,1,,,1,40,,8051,1,,,1,70,,8054,1,,,1,100,,8052,1,,,1,100,,8041,1,,,1,100,,8071,1,,,1,100,,8072,1,,,1,100,,8053,1,,,1,91,,8075,1,,,1,23,,8058,1,,,1,16,,8065,1,,,1,60,,8073,1,,,1,20,,8046,1,,,1,20,,8074,1,,,1,60,,8060,1,,,1,20,,8048,1,,,1,20,,8062,1,,,1,60,,8070,1,,,1,20,,8047,1,,,1,20,,8059,1,,,1,61,,8061,1,,,1,19,,8066,1,,,1,29,,8069,1,,,1,71,,8067,1,,,1,100,,8063,1,,,1,100,,8068,1,,,1,100,,8064,1,,,1
100001400,'Weekday-26',543,,8076,1,,,1,70,,8077,1,,,1,30,,8078,1,,,1,70,,8079,1,,,1,30,,8080,1,,,1,70,,8081,1,,,1,100,,8085,1,,,1,100,,8083,1,,,1,100,,8084,1,,,1,100,,8094,1,,,1,100,,8082,1,,,1,100,,8097,1,,,1,100,,8086,1,,,1,30,,8092,1,,,1,70,,8087,1,,,1,30,,8088,1,,,1,70,,8089,1,,,1,30,,8093,1,,,1,70,,8090,1,,,1,27,,8091,1,0,11 12 13,1,73,,8101,1,,,1,27,,8100,1,0,11 12 13,1,73,,8095,1,,,1,100,,8098,1,,,1,100,,8096,1,,,1,100,,8099,1,,,1
100001401,'Saturday-21',713,,8102,13,4,,1,100,,8111,13,4,,1,100,,8103,13,4,,1,100,,8112,13,4,,1,100,,8104,13,4,,1,100,,8113,13,4,,1,100,,8105,13,4,,1,100,,8114,13,4,,1,100,,8106,13,4,,1,100,,8115,13,4,,1,100,,8107,13,4,,1,100,,8116,13,4,,1,100,,8108,13,4,,1,100,,8117,13,4,,1,100,,8110,13,4,,1,95,,8118,13,4,,1,100,,8109,13,4,,1
100001401,'Saturday-23',713,,6259,13,4,,1,100,,6268,13,4,,1,100,,6260,13,4,,1,100,,6269,13,4,,1,100,,6261,13,4,,1,100,,6270,13,4,,1,100,,6262,13,4,,1,100,,6271,13,4,,1,100,,6263,13,4,,1,100,,6272,13,4,,1,100,,6264,13,4,,1,100,,6273,13,4,,1,100,,6265,13,4,,1,100,,6274,13,4,,1,100,,6267,13,4,,1,95,,6275,13,4,,1,100,,6266,13,4,,1
100001401,'Sunday-22',713,,8119,13,4,,1,100,,8125,13,4,,1,100,,8120,13,4,,1,100,,8126,13,4,,1,100,,8121,13,4,,1,100,,8127,13,4,,1,100,,8122,13,4,,1,100,,8128,13,4,,1,100,,8123,13,4,,1,100,,8129,13,4,,1,100,,8124,13,4,,1,100,,8130,13,4,,1
100001401,'Sunday-62',713,,8131,13,4,,1,100,,8137,13,4,,1,100,,8132,13,4,,1,100,,8138,13,4,,1,100,,8133,13,4,,1,100,,8139,13,4,,1,100,,8134,13,4,,1,100,,8140,13,4,,1,100,,8135,13,4,,1,100,,8141,13,4,,1,100,,8136,13,4,,1,100,,8142,13,4,,1
100001401,'Weekday-20',618,,8145,13,4,,1,20,,8156,13,4,,1,20,,8144,13,4,,1,71,,8155,13,4,,1,20,,8149,13,4,,1,60,,8152,13,4,,1,40,,8153,13,4,,1,68,,8154,13,4,,1,100,,8150,13,4,,1,100,,8143,13,4,,1,100,,8171,13,4,,1,100,,8170,13,4,,1,100,,8151,13,4,,1,93,,8174,13,4,,1,18,,8157,13,4,,1,21,,8164,13,4,,1,60,,8172,13,4,,1,20,,8146,13,4,,1,20,,8173,13,4,,1,60,,8159,13,4,,1,20,,8148,13,4,,1,20,,8161,13,4,,1,60,,8169,13,4,,1,20,,8147,13,4,,1,20,,8158,13,4,,1,61,,8160,13,4,,1,15,,8167,13,4,,1,33,,8168,13,4,,1,67,,8165,13,4,,1,100,,8162,13,4,,1,100,,8166,13,4,,1,100,,8163,13,4,,1
100001401,'Weekday-25',618,,8177,13,4,,1,20,,8188,13,4,,1,20,,8176,13,4,,1,71,,8187,13,4,,1,20,,8181,13,4,,1,60,,8184,13,4,,1,40,,8185,13,4,,1,68,,8186,13,4,,1,100,,8182,13,4,,1,100,,8175,13,4,,1,100,,8203,13,4,,1,100,,8202,13,4,,1,100,,8183,13,4,,1,93,,8206,13,4,,1,18,,8189,13,4,,1,21,,8196,13,4,,1,60,,8204,13,4,,1,20,,8178,13,4,,1,20,,8205,13,4,,1,60,,8191,13,4,,1,20,,8180,13,4,,1,20,,8193,13,4,,1,60,,8201,13,4,,1,20,,8179,13,4,,1,20,,8190,13,4,,1,61,,8192,13,4,,1,15,,8199,13,4,,1,33,,8200,13,4,,1,67,,8197,13,4,,1,100,,8194,13,4,,1,100,,8198,13,4,,1,100,,8195,13,4,,1
100001401,'Weekday-26',637,,8211,8,4,,1,73,,8207,13,4,,1,30,,8208,13,4,,1,70,,8209,13,4,,1,30,,8210,13,4,,1,70,,8215,13,4,,1,30,,8216,13,4,,1,70,,8213,13,4,,1,100,,8214,13,4,,1,100,,8224,13,4,,1,100,,8212,13,4,,1,100,,8227,13,4,,1,100,,8217,13,4,,1,100,,8218,13,4,,1,30,,8219,13,4,,1,70,,8220,13,4,,1,30,,8223,13,4,,1,70,,8221,13,4,,1,30,,8222,13,4,,1,70,,8230,13,4,,1,30,,8231,13,4,,1,70,,8225,13,4,,1,100,,8228,13,4,,1,100,,8226,13,4,,1,100,,8229,13,4,,1
