20100,'Weekday-20',751,,6741,21,,,1,64,,6735,21,,,1,40,,6742,21,,,1,50,,6726,21,,,1,40,,6736,21,,,1,100,,6732,21,,,1,100,,6727,21,,,1,100,,6733,21,,,1,462,,6740,21,,,1,42,,6730,21,,,1
20100,'Weekday-25',751,,6772,21,,,1,64,,6766,21,,,1,40,,6773,21,,,1,50,,6759,21,,,1,40,,6767,21,,,1,100,,6775,21,,,1,100,,6760,21,,,1,100,,6776,21,,,1,462,,6771,21,,,1,42,,6763,21,,,1
20100,'Weekday-26',736,,6778,21,,,1,73,,6780,21,,,1,199,,6783,21,,,1,100,,6782,21,,,1,100,,6800,21,,,1,100,,6777,21,,,1,100,,6802,21,,,1,101,,6797,21,,,1,102,,6789,21,,,1,30,,6801,21,,,1,71,,6796,21,,,1
20101,'Saturday-21',608,,6811,2,,,1,100,,6819,2,,,1,100,,6810,2,,,1,100,,6820,2,,,1,100,,6804,2,,,1,100,,6814,2,,,1,100,,6805,2,,,1,100,,6815,2,,,1,100,,6803,2,,,1,100,,6816,2,,,1,100,,6807,2,,,1,100,,6818,2,,,1,102,,6809,2,,,1,100,,6813,2,,,1,100,,6806,2,,,1,100,,6817,2,,,1,100,,6812,2,,,1,100,,6821,2,,,1,100,,6808,2,,,1
20101,'Saturday-23',608,,5538,2,,,1,100,,5546,2,,,1,100,,5537,2,,,1,100,,5547,2,,,1,100,,5531,2,,,1,100,,5541,2,,,1,100,,5532,2,,,1,100,,5542,2,,,1,100,,5530,2,,,1,100,,5543,2,,,1,100,,5534,2,,,1,100,,5545,2,,,1,102,,5536,2,,,1,100,,5540,2,,,1,100,,5533,2,,,1,100,,5544,2,,,1,100,,5539,2,,,1,100,,5548,2,,,1,100,,5535,2,,,1
20101,'Sunday-22',601,,6825,2,,,1,100,,6835,2,,,1,106,,6824,2,,,1,100,,6834,2,,,1,100,,6826,2,,,1,100,,6833,2,,,1,100,,6827,2,,,1,100,,6832,2,,,1,100,,6828,2,,,1,100,,6831,2,,,1,100,,6823,2,,,1,100,,6830,2,,,1,100,,6822,2,,,1,100,,6829,2,,,1
20101,'Sunday-62',601,,6839,2,,,1,100,,6849,2,,,1,106,,6838,2,,,1,100,,6848,2,,,1,100,,6840,2,,,1,100,,6847,2,,,1,100,,6841,2,,,1,100,,6846,2,,,1,100,,6842,2,,,1,100,,6845,2,,,1,100,,6837,2,,,1,100,,6844,2,,,1,100,,6836,2,,,1,100,,6843,2,,,1
20101,'Weekday-20',551,,6867,2,,,1,70,,6875,2,,,1,20,,6878,2,,,1,60,,6854,2,,,1,24,,6868,2,,,1,110,,6879,2,,,1,108,,6863,2,,,1,100,,6876,2,,,1,100,,6873,2,,,1,95,,6866,2,,,1,99,,6874,2,,,1,10,,6877,2,,,1,93,,6871,2,,,1,14,,6864,2,,,1,55,,6850,2,,,1,18,,6870,2,,,1,25,,6855,2,,,1,56,,6872,2,,,1,23,,6869,2,,,1,22,,6865,2,,,1,76,,6851,2,,,1,12,,6880,2,,,1,66,,6856,2,,,1,24,,6853,2,,,1,20,,6859,2,,,1,70,,6852,2,,,1,100,,6860,2,,,1,100,,6861,2,,,1,100,,6857,2,,,1,100,,6862,2,,,1,100,,6858,2,,,1
20101,'Weekday-25',551,,6900,2,,,1,70,,6903,2,,,1,20,,6906,2,,,1,60,,6887,2,,,1,24,,6901,2,,,1,110,,6907,2,,,1,108,,6896,2,,,1,100,,6904,2,,,1,100,,6910,2,,,1,95,,6899,2,,,1,99,,6911,2,,,1,10,,6905,2,,,1,93,,6909,2,,,1,14,,6897,2,,,1,55,,6883,2,,,1,18,,6902,2,,,1,25,,6888,2,,,1,56,,6882,2,,,1,23,,6881,2,,,1,22,,6898,2,,,1,76,,6884,2,,,1,12,,6908,2,,,1,66,,6889,2,,,1,24,,6886,2,,,1,20,,6892,2,,,1,70,,6885,2,,,1,100,,6893,2,,,1,100,,6894,2,,,1,100,,6890,2,,,1,100,,6895,2,,,1,100,,6891,2,,,1
20101,'Weekday-26',606,,6914,2,,,1,30,,6915,2,,,1,71,,6933,2,,,1,26,,6923,2,,,1,71,,6913,2,,,1,39,,6934,2,,,1,64,,6925,2,,,1,97,,6932,2,,,1,100,,6917,2,,,1,100,,6916,2,,,1,100,,6935,2,,,1,100,,6912,2,,,1,100,,6936,2,,,1,29,,6931,2,,,1,26,,6918,2,,,1,79,,6924,2,,,1,70,,6937,2,,,1,34,,6919,2,,,1,70,,6926,2,,,1,34,,6927,2,,,1,60,,6920,2,,,1,100,,6928,2,,,1,100,,6921,2,,,1,100,,6929,2,,,1,100,,6922,2,,,1,100,,6930,2,,,1
