20300,'Saturday-21',1009,,7069,5,4,,1,100,,7074,5,4,,1,100,,7070,5,4,,1,100,,7075,5,4,,1,100,,7071,5,4,,1,100,,7076,5,4,,1,100,,7072,5,4,,1,100,,7077,5,4,,1,100,,7073,5,4,,1
20300,'Saturday-23',1009,,5669,5,4,,1,100,,5674,5,4,,1,100,,5670,5,4,,1,100,,5675,5,4,,1,100,,5671,5,4,,1,100,,5676,5,4,,1,100,,5672,5,4,,1,100,,5677,5,4,,1,100,,5673,5,4,,1
20300,'Weekday-20',644,,7097,10,4,,1,60,,7084,10,4,,1,20,,7080,10,4,,1,85,,7096,10,4,,1,20,,7081,10,4,,1,77,,7085,10,4,,1,40,,7082,10,4,,1,100,,7088,10,4,,1,100,,7083,10,4,,1,100,,7089,10,4,,1,100,,7095,10,4,,1,99,,7086,10,4,,1,101,,7091,10,4,,1,63,,7092,10,4,,1,39,,7094,10,4,,1,61,,7087,10,4,,1,15,,7090,10,4,,1,20,,7098,10,4,,1,62,,7093,10,4,,1,17,,7079,10,4,,1,20,,7078,10,4,,1,80,,7099,10,4,,1,100,,7100,5,4,,1,100,,7101,5,4,,1,100,,7102,5,4,,1,100,,7103,5,4,,1
20300,'Weekday-25',644,,7116,10,4,,1,60,,7110,10,4,,1,20,,7106,10,4,,1,85,,7115,10,4,,1,20,,7107,10,4,,1,77,,7123,10,4,,1,40,,7108,10,4,,1,100,,7124,10,4,,1,100,,7109,10,4,,1,100,,7125,10,4,,1,100,,7114,10,4,,1,99,,7128,10,4,,1,101,,7127,10,4,,1,63,,7111,10,4,,1,39,,7113,10,4,,1,61,,7129,10,4,,1,15,,7126,10,4,,1,20,,7117,10,4,,1,62,,7112,10,4,,1,17,,7105,10,4,,1,20,,7104,10,4,,1,80,,7118,10,4,,1,100,,7119,5,4,,1,100,,7120,5,4,,1,100,,7121,5,4,,1,100,,7122,5,4,,1
20300,'Weekday-26',638,,7133,10,4,,1,70,,7134,10,4,,1,30,,7138,10,4,,1,71,,7132,10,4,,1,34,,7135,10,4,,1,67,,7139,10,4,,1,100,,7136,10,4,,1,100,,7140,10,4,,1,100,,7137,10,4,,1,100,,7144,10,4,,1,100,,7145,10,4,,1,100,,7141,10,4,,1,100,,7146,10,4,,1,32,,7142,10,4,,1,70,,7130,10,4,,1,26,,7147,10,4,,1,72,,7143,10,4,,1,27,,7131,10,4,,1,70,,7148,10,4,,1,100,,7149,5,4,,1,100,,7150,5,4,,1,100,,7151,5,4,,1,100,,7152,5,4,,1,100,,7153,5,4,,1
20301,'Saturday-21',1010,,7154,1,,,1,100,,7159,1,,,1,100,,7155,1,,,1,100,,7160,1,,,1,100,,7156,1,,,1,100,,7161,1,,,1,100,,7157,1,,,1,100,,7162,1,,,1,100,,7158,1,,,1
20301,'Saturday-23',1010,,5708,1,,,1,100,,5713,1,,,1,100,,5709,1,,,1,100,,5714,1,,,1,100,,5710,1,,,1,100,,5715,1,,,1,100,,5711,1,,,1,100,,5716,1,,,1,100,,5712,1,,,1
20301,'Weekday-20',646,,7179,1,,,1,60,,7167,1,,,1,40,,7169,1,,,1,101,,7172,1,,,1,100,,7165,1,,,1,100,,7170,1,,,1,101,,7166,1,,,1,100,,7171,1,,,1,100,,7178,1,,,1,52,,7176,1,,,1,45,,7168,1,,,1,94,,7173,1,,,1,77,,7175,1,,,1,32,,7177,1,,,1,78,,7174,1,,,1,19,,7180,1,,,1,78,,7164,1,,,1,33,,7163,1,,,1,69,,7181,1,,,1,100,,7182,1,,,1,100,,7183,1,,,1,100,,7184,1,,,1,100,,7185,1,,,1
20301,'Weekday-25',646,,7195,1,,,1,60,,7191,1,,,1,40,,7202,1,,,1,101,,7205,1,,,1,100,,7189,1,,,1,100,,7203,1,,,1,101,,7190,1,,,1,100,,7204,1,,,1,100,,7194,1,,,1,52,,7186,1,,,1,45,,7208,1,,,1,94,,7206,1,,,1,77,,7192,1,,,1,32,,7193,1,,,1,78,,7207,1,,,1,19,,7196,1,,,1,78,,7188,1,,,1,33,,7187,1,,,1,69,,7197,1,,,1,100,,7198,1,,,1,100,,7199,1,,,1,100,,7200,1,,,1,100,,7201,1,,,1
20301,'Weekday-26',640,,7212,1,,,1,70,,7214,1,,,1,30,,7218,1,,,1,70,,7213,1,,,1,37,,7215,1,,,1,63,,7219,1,,,1,100,,7216,1,,,1,100,,7220,1,,,1,100,,7217,1,,,1,100,,7221,1,,,1,100,,7225,1,,,1,100,,7222,1,,,1,30,,7209,1,,,1,70,,7226,1,,,1,32,,7223,1,,,1,70,,7210,1,,,1,28,,7227,1,,,1,70,,7224,1,,,1,30,,7211,1,,,1,70,,7228,1,,,1,100,,7229,1,,,1,100,,7230,1,,,1,100,,7231,1,,,1,100,,7232,1,,,1,100,,7233,1,,,1
20400,'Weekday-20',744,,7237,3,4,,1,2,,7239,7,4,,1,83,,7235,3,4,,1,18,,7238,3,4,,1,2,,7236,7,4,,1,2,,7242,3,4,,1,56,,7243,3,4,,1,35,,7234,7,4,,1,2,,7240,3,4,,1,100,,7241,3,4,,1
20400,'Weekday-25',746,,7244,7,4,,1,101,,7245,7,4,,1
20401,'Weekday-20',1248,,7255,1,0,8 9,1,72,,7250,1,0,8 9,1,83,,7252,1,0,8 9,1,54,,7248,1,0,8 9,1,48,,7247,1,,,1,44,,7253,1,0,8 9,1,54,,7246,1,,,1,16,,7249,1,0,8 9,1,91,,7251,1,,,1,103,,7254,1,0,8 9,1
20401,'Weekday-25',1505,,7256,1,,,1,98,,7258,1,,,1,107,,7259,1,,,1,103,,7257,1,0,8 9,1
