20400,'Weekday-20',705,,7239,1,,,1,100,,7236,1,,,1,98,,7234,1,,,1
20400,'Weekday-25',705,,7244,1,,,1,100,,7245,1,,,1
20401,'Weekday-20',1553,,7247,10,4,,1,100,,7246,10,4,,1,100,,7251,10,4,,1
20401,'Weekday-25',1553,,7256,10,4,,1,100,,7258,10,4,,1,100,,7259,10,4,,1
21101,'Weekday-20',1613,,7389,13,4,,1,40,,7391,13,4,,1,60,,7393,13,4,,1,20,,7390,13,4,,1,21,,7392,13,4,,1
21101,'Weekday-25',1613,,7394,13,4,,1,40,,7398,13,4,,1,60,,7397,13,4,,1,20,,7396,13,4,,1,21,,7395,13,4,,1
100002100,'Weekday-20',1548,,8234,35,4,,1,82,,8236,35,4,,1,83,,8235,35,4,,1,39,,8233,35,4,,1,80,,8232,35,4,,1
100002100,'Weekday-25',1548,,8239,35,4,,1,82,,8241,35,4,,1,83,,8240,35,4,,1,39,,8238,35,4,,1,80,,8237,35,4,,1
100002100,'Weekday-26',725,,8242,18,4,,1,30,,8243,18,4,,1,70,,8244,18,4,,1,700,,8245,18,4,,1,100,,8246,18,4,,1,30,,8247,18,4,,1,70,,8248,18,4,,1
100002101,'Weekday-20',645,,8251,1,,,1,64,,8250,1,,,1,19,,8249,1,,,1
100002101,'Weekday-25',645,,8253,1,,,1,64,,8252,1,,,1,19,,8254,1,,,1
100002101,'Weekday-26',700,,8255,1,0,6,1,30,,8256,1,0,6,1,70,,8257,1,0,6,1,30,,8258,1,0,6,1,670,,8259,1,0,6,1,100,,8261,1,0,6,1,30,,8262,1,0,6,1,70,,8260,1,0,6,1
100003100,'Saturday-21',613,,8309,30,4,,1,100,,8310,30,4,,1,100,,8311,30,4,,1,100,,8312,30,4,,1,100,,8317,30,4,,1,100,,8313,30,4,,1,100,,8318,30,4,,1,100,,8314,30,4,,1,100,,8319,30,4,,1,100,,8315,30,4,,1,100,,8320,30,4,,1,100,,8316,30,4,,1,100,,8321,30,4,,1
100003100,'Saturday-23',613,,6380,29,4,,1,100,,6381,29,4,,1,100,,6382,29,4,,1,100,,6383,29,4,,1,100,,6388,29,4,,1,100,,6384,29,4,,1,100,,6389,29,4,,1,100,,6385,29,4,,1,100,,6390,29,4,,1,100,,6386,29,4,,1,100,,6391,29,4,,1,100,,6387,30,4,,1,100,,6392,30,4,,1
100003100,'Weekday-20',732,,8323,30,4,,1,120,,8325,30,4,,1,96,,8326,30,4,,1,100,,8327,30,4,,1,100,,8328,30,4,,1,100,,8329,30,4,,1,100,,8330,30,4,,1,100,,8331,30,4,,1,62,,8324,30,4,,1,36,,8332,30,4,,1,66,,8322,30,4,,1,242,,8333,30,4,,1
100003100,'Weekday-25',732,,8336,30,4,,1,120,,8338,30,4,,1,96,,8339,30,4,,1,100,,8340,30,4,,1,100,,8341,30,4,,1,100,,8342,30,4,,1,100,,8343,30,4,,1,100,,8344,30,4,,1,62,,8337,30,4,,1,36,,8345,30,4,,1,66,,8335,30,4,,1,242,,8334,30,4,,1
100003100,'Weekday-26',713,,8356,30,4,,1,30,,8347,30,4,,1,70,,8357,30,4,,1,30,,8346,30,4,,1,70,,8353,30,4,,1,100,,8354,30,4,,1,100,,8355,30,4,,1,100,,8352,30,4,,1,100,,8350,30,4,,1,100,,8358,30,4,,1,100,,8359,30,4,,1,100,,8360,30,4,,1,30,,8348,30,4,,1,70,,8361,30,4,,1,30,,8349,30,4,,1,70,,8351,30,4,,1
100003101,'Saturday-21',615,,8362,1,,,1,100,,8363,1,,,1,100,,8364,1,,,1,100,,8365,1,,,1,100,,8370,1,,,1,100,,8366,1,,,1,100,,8371,1,,,1,100,,8367,1,,,1,100,,8372,1,,,1,100,,8368,1,,,1,100,,8373,1,,,1,100,,8369,1,,,1,100,,8374,1,,,1
100003101,'Saturday-23',615,,6418,1,,,1,100,,6419,1,,,1,100,,6420,1,,,1,100,,6421,1,,,1,100,,6426,1,,,1,100,,6422,1,,,1,100,,6427,1,,,1,100,,6423,1,,,1,100,,6428,1,,,1,100,,6424,1,,,1,100,,6429,1,,,1,100,,6425,1,,,1,100,,6430,1,,,1
100003101,'Weekday-20',809,,8386,1,,,1,41,,8378,1,,,1,100,,8379,1,,,1,100,,8380,1,,,1,100,,8381,1,,,1,100,,8382,1,,,1,100,,8383,1,,,1,100,,8384,1,,,1,55,,8375,1,,,1,45,,8385,1,,,1,100,,8376,1,,,1,80,,8387,1,,,1,80,,8377,1,,,1
100003101,'Weekday-25',809,,8399,1,,,1,41,,8391,1,,,1,100,,8392,1,,,1,100,,8393,1,,,1,100,,8394,1,,,1,100,,8395,1,,,1,100,,8396,1,,,1,100,,8397,1,,,1,55,,8388,1,,,1,45,,8398,1,,,1,100,,8389,1,,,1,80,,8400,1,,,1,80,,8390,1,,,1
100003101,'Weekday-26',715,,8407,1,,,1,30,,8401,1,,,1,70,,8408,1,,,1,30,,8402,1,,,1,70,,8409,1,,,1,100,,8410,1,,,1,100,,8411,1,,,1,100,,8412,1,,,1,100,,8416,1,,,1,100,,8417,1,,,1,100,,8418,1,,,1,30,,8404,1,,,1,70,,8419,1,,,1,30,,8405,1,,,1,70,,8413,1,,,1,30,,8406,1,,,1,70,,8414,1,,,1
100003200,'Saturday-21',613,,8424,18,4,,1,100,,8421,33,4,,1,100,,8422,33,4,,1,100,,8423,33,4,,1,100,,8429,33,4,,1,100,,8425,33,4,,1,100,,8426,33,4,,1,100,,8430,33,4,,1,100,,8431,33,4,,1,100,,8427,33,4,,1,100,,8428,33,4,,1,100,,8432,33,4,,1,100,,8433,33,4,,1
100003200,'Saturday-23',613,,6460,18,4,,1,100,,6457,33,4,,1,100,,6458,33,4,,1,100,,6459,33,4,,1,100,,6465,33,4,,1,100,,6461,33,4,,1,100,,6462,33,4,,1,100,,6466,33,4,,1,100,,6467,33,4,,1,100,,6463,33,4,,1,100,,6464,33,4,,1,100,,6468,33,4,,1,100,,6469,33,4,,1
100003200,'Weekday-20',735,,8434,33,4,,1,67,,8437,33,4,,1,52,,8438,33,4,,1,99,,8443,33,4,,1,100,,8435,33,4,,1,100,,8440,33,4,,1,100,,8444,33,4,,1,100,,8441,33,4,,1,103,,8445,33,4,,1,57,,8442,33,4,,1,42,,8446,33,4,,1,60,,8439,33,4,,1,87,,8436,33,4,,1
100003200,'Weekday-25',735,,8448,33,4,,1,67,,8451,33,4,,1,52,,8452,33,4,,1,99,,8459,33,4,,1,100,,8449,33,4,,1,100,,8454,33,4,,1,100,,8456,33,4,,1,100,,8455,33,4,,1,103,,8457,33,4,,1,57,,8447,33,4,,1,42,,8458,33,4,,1,60,,8453,33,4,,1,87,,8450,33,4,,1
100003200,'Weekday-26',557,,8476,18,4,,1,156,,8474,33,4,,1,30,,8472,33,4,,1,70,,8475,33,4,,1,30,,8473,33,4,,1,70,,8460,33,4,,1,100,,8461,33,4,,1,100,,8462,33,4,,1,100,,8463,33,4,,1,100,,8464,33,4,,1,100,,8465,33,4,,1,100,,8466,33,4,,1,100,,8467,33,4,,1,30,,8470,33,4,,1,70,,8468,33,4,,1,30,,8471,33,4,,1,70,,8469,33,4,,1
100003201,'Saturday-21',615,,8482,1,,,1,100,,8483,1,,,1,100,,8484,1,,,1,100,,8485,1,,,1,100,,8477,1,,,1,100,,8488,1,,,1,100,,8478,1,,,1,100,,8486,1,,,1,100,,8479,1,,,1,100,,8489,1,,,1,100,,8480,1,,,1,100,,8487,1,,,1,100,,8481,1,,,1
100003201,'Saturday-23',615,,6501,1,,,1,100,,6502,1,,,1,100,,6503,1,,,1,100,,6504,1,,,1,100,,6496,1,,,1,100,,6507,1,,,1,100,,6497,1,,,1,100,,6505,1,,,1,100,,6498,1,,,1,100,,6508,1,,,1,100,,6499,1,,,1,100,,6506,1,,,1,100,,6500,1,,,1
100003201,'Weekday-20',545,,8492,1,,,1,99,,8495,1,,,1,101,,8499,1,0,7,1,61,,8496,1,0,7,1,39,,8502,1,,,1,100,,8493,1,,,1,100,,8498,1,,,1,100,,8503,1,,,1,100,,8500,1,,,1,100,,8504,1,,,1,90,,8505,1,,,1,24,,8497,1,,,1,61,,8501,1,,,1,25,,8494,1,,,1
100003201,'Weekday-25',545,,8507,1,,,1,99,,8510,1,,,1,101,,8514,1,0,7,1,61,,8511,1,0,7,1,39,,8521,1,,,1,100,,8508,1,,,1,100,,8513,1,,,1,100,,8516,1,,,1,100,,8515,1,,,1,100,,8517,1,,,1,90,,8518,1,,,1,24,,8512,1,,,1,61,,8506,1,,,1,25,,8509,1,,,1
100003201,'Weekday-26',545,,8536,1,,,1,70,,8540,1,,,1,30,,8537,1,,,1,70,,8541,1,,,1,30,,8538,1,,,1,60,,8522,1,,,1,40,,8539,1,,,1,70,,8523,1,,,1,100,,8524,1,,,1,100,,8525,1,,,1,100,,8526,1,,,1,100,,8527,1,,,1,100,,8528,1,,,1,100,,8529,1,,,1,30,,8533,1,,,1,70,,8530,1,,,1,30,,8534,1,,,1,70,,8531,1,,,1,30,,8535,1,,,1,70,,8532,1,,,1
100003300,'Saturday-21',612,,8552,15,4,,1,101,,8547,32,4,,1,100,,8548,32,4,,1,100,,8549,32,4,,1,100,,8542,32,4,,1,100,,8553,32,4,,1,100,,8543,32,4,,1,100,,8550,32,4,,1,100,,8544,32,4,,1,100,,8554,32,4,,1,100,,8545,32,4,,1,100,,8551,32,4,,1,100,,8546,32,4,,1
100003300,'Saturday-23',612,,6548,15,4,,1,101,,6543,32,4,,1,100,,6544,32,4,,1,100,,6545,32,4,,1,100,,6538,32,4,,1,100,,6549,32,4,,1,100,,6539,32,4,,1,100,,6546,32,4,,1,100,,6540,32,4,,1,100,,6550,32,4,,1,100,,6541,32,4,,1,100,,6547,32,4,,1,100,,6542,32,4,,1
100003300,'Weekday-20',603,,8565,15,4,,1,39,,8569,15,4,,1,60,,8556,15,4,,1,20,,8555,32,4,,1,20,,8574,15,4,,1,61,,8571,32,4,,1,20,,8575,15,4,,1,25,,8557,32,4,,1,100,,8558,32,4,,1,100,,8559,32,4,,1,100,,8560,32,4,,1,100,,8561,32,4,,1,100,,8562,32,4,,1,100,,8563,32,4,,1,62,,8568,32,4,,1,36,,8564,32,4,,1,66,,8567,32,4,,1,30,,8566,15,4,,1,60,,8576,15,4,,1,20,,8573,15,4,,1,20,,8572,15,4,,1,60,,8570,15,4,,1
100003300,'Weekday-25',603,,8586,15,4,,1,39,,8590,15,4,,1,60,,8577,15,4,,1,20,,8598,32,4,,1,20,,8595,15,4,,1,61,,8592,32,4,,1,20,,8596,15,4,,1,25,,8578,32,4,,1,100,,8579,32,4,,1,100,,8580,32,4,,1,100,,8581,32,4,,1,100,,8582,32,4,,1,100,,8583,32,4,,1,100,,8584,32,4,,1,62,,8589,32,4,,1,36,,8585,32,4,,1,66,,8588,32,4,,1,30,,8587,15,4,,1,60,,8597,15,4,,1,20,,8594,15,4,,1,20,,8593,15,4,,1,60,,8591,15,4,,1
100003300,'Weekday-26',557,,8610,15,4,,1,70,,8611,15,4,,1,30,,8612,15,4,,1,56,,8608,32,4,,1,30,,8607,32,4,,1,70,,8609,32,4,,1,30,,8613,32,4,,1,70,,8599,32,4,,1,100,,8601,32,4,,1,100,,8600,32,4,,1,100,,8602,32,4,,1,100,,8603,32,4,,1,100,,8604,32,4,,1,100,,8605,32,4,,1,100,,8606,32,4,,1
100003301,'Saturday-21',615,,8614,1,,,1,100,,8615,1,,,1,100,,8616,1,,,1,100,,8617,1,,,1,100,,8622,1,,,1,100,,8618,1,,,1,100,,8619,1,,,1,100,,8623,1,,,1,100,,8624,1,,,1,100,,8620,1,,,1,100,,8621,1,,,1,100,,8625,1,,,1,100,,8626,1,,,1
100003301,'Saturday-23',615,,6586,1,,,1,100,,6587,1,,,1,100,,6588,1,,,1,100,,6589,1,,,1,100,,6594,1,,,1,100,,6590,1,,,1,100,,6591,1,,,1,100,,6595,1,,,1,100,,6596,1,,,1,100,,6592,1,,,1,100,,6593,1,,,1,100,,6597,1,,,1,100,,6598,1,,,1
100003301,'Weekday-20',850,,8627,1,,,1,100,,8628,1,,,1,100,,8629,1,,,1,100,,8630,1,,,1,100,,8631,1,,,1,100,,8632,1,,,1,100,,8633,1,,,1,55,,8637,1,,,1,45,,8634,1,,,1,66,,8636,1,0,10,1,20,,8642,1,0,10,1,20,,8641,1,0,10,1,60,,8639,1,0,10,1,20,,8638,1,0,10,1,20,,8635,1,0,10,1,60,,8640,1,0,10,1
100003301,'Weekday-25',850,,8643,1,,,1,100,,8644,1,,,1,100,,8645,1,,,1,100,,8646,1,,,1,100,,8647,1,,,1,100,,8648,1,,,1,100,,8649,1,,,1,55,,8653,1,,,1,45,,8650,1,,,1,66,,8652,1,0,10,1,20,,8658,1,0,10,1,20,,8657,1,0,10,1,60,,8655,1,0,10,1,20,,8654,1,0,10,1,20,,8651,1,0,10,1,60,,8656,1,0,10,1
100003301,'Weekday-26',815,,8659,1,,,1,30,,8670,1,,,1,70,,8660,1,,,1,100,,8661,1,,,1,100,,8662,1,,,1,100,,8663,1,,,1,100,,8664,1,,,1,100,,8665,1,,,1,100,,8666,1,,,1,30,,8668,1,,,1,70,,8667,1,,,1,12,,8672,1,0,10,1,30,,8673,1,0,10,1,70,,8671,1,0,10,1,30,,8669,1,0,10,1
