20100,'Saturday-21',545,,6664,9,0,5,1,102,,6676,9,0,5,1,101,,6669,9,0,5,1,100,,6680,9,0,5,1,101,,6668,9,0,5,1,100,,6679,9,0,5,1,100,,6672,9,0,5,1,100,,6678,9,0,5,1,100,,6666,9,0,5,1,100,,6675,9,0,5,1,100,,6673,9,0,5,1,100,,6677,9,0,5,1,100,,6671,9,0,5,1,100,,6674,9,0,5,1,98,,6665,9,0,5,1,100,,6682,9,0,5,1,100,,6670,9,0,5,1,100,,6681,9,0,5,1,100,,6667,9,0,5,1
20100,'Saturday-23',545,,5431,9,0,5,1,102,,5443,9,0,5,1,101,,5436,9,0,5,1,100,,5447,9,0,5,1,101,,5435,9,0,5,1,100,,5446,9,0,5,1,100,,5439,9,0,5,1,100,,5445,9,0,5,1,100,,5433,9,0,5,1,100,,5442,9,0,5,1,100,,5440,9,0,5,1,100,,5444,9,0,5,1,100,,5438,9,0,5,1,100,,5441,9,0,5,1,98,,5432,9,0,5,1,100,,5449,9,0,5,1,100,,5437,9,0,5,1,100,,5448,9,0,5,1,100,,5434,9,0,5,1
20100,'Sunday-22',544,,6686,9,0,5,1,100,,6692,9,0,5,1,102,,6684,9,0,5,1,100,,6691,9,0,5,1,100,,6685,9,0,5,1,100,,6695,9,0,5,1,100,,6688,9,0,5,1,100,,6693,9,0,5,1,100,,6687,9,0,5,1,100,,6696,9,0,5,1,100,,6689,9,0,5,1,100,,6694,9,0,5,1,100,,6683,9,0,5,1,100,,6690,9,0,5,1
20100,'Sunday-62',544,,6700,9,0,5,1,100,,6706,9,0,5,1,102,,6698,9,0,5,1,100,,6705,9,0,5,1,100,,6699,9,0,5,1,100,,6709,9,0,5,1,100,,6702,9,0,5,1,100,,6707,9,0,5,1,100,,6701,9,0,5,1,100,,6710,9,0,5,1,100,,6703,9,0,5,1,100,,6708,9,0,5,1,100,,6697,9,0,5,1,100,,6704,9,0,5,1
20100,'Weekday-20',534,,6728,9,0,5,1,70,,6734,9,0,5,1,20,,6738,9,0,5,1,20,,6715,9,0,5,1,61,,6729,9,0,5,1,21,,6741,9,,,1,22,,6735,9,,,1,60,,6739,9,0,5,1,20,,6742,9,,,1,18,,6726,9,,,1,80,,6736,9,,,1,100,,6732,9,,,1,100,,6727,9,,,1,100,,6733,9,,,1,100,,6737,9,0,5,1,100,,6724,9,0,5,1,101,,6716,9,0,5,1,21,,6743,9,0,5,1,79,,6725,9,0,5,1,18,,6740,9,,,1,60,,6711,9,0,5,1,22,,6730,9,,,1,18,,6717,9,0,5,1,61,,6714,9,0,5,1,20,,6719,9,0,5,1,78,,6712,9,0,5,1,100,,6721,9,0,5,1,100,,6722,9,0,5,1,100,,6720,9,0,5,1,100,,6723,9,0,5,1,100,,6718,9,0,5,1
20100,'Weekday-25',534,,6761,9,0,5,1,70,,6765,9,0,5,1,20,,6769,9,0,5,1,20,,6748,9,0,5,1,61,,6762,9,0,5,1,21,,6772,9,,,1,22,,6766,9,,,1,60,,6770,9,0,5,1,20,,6773,9,,,1,18,,6759,9,,,1,80,,6767,9,,,1,100,,6775,9,,,1,100,,6760,9,,,1,100,,6776,9,,,1,100,,6768,9,0,5,1,100,,6757,9,0,5,1,101,,6749,9,0,5,1,21,,6774,9,0,5,1,79,,6758,9,0,5,1,18,,6771,9,,,1,60,,6744,9,0,5,1,22,,6763,9,,,1,18,,6750,9,0,5,1,61,,6747,9,0,5,1,20,,6752,9,0,5,1,78,,6745,9,0,5,1,100,,6754,9,0,5,1,100,,6755,9,0,5,1,100,,6753,9,0,5,1,100,,6756,9,0,5,1,100,,6751,9,0,5,1
20100,'Weekday-26',549,,6779,9,0,5,1,70,,6781,9,0,5,1,30,,6798,9,0,5,1,71,,6778,9,,,1,30,,6780,9,,,1,71,,6799,9,0,5,1,28,,6791,9,0,5,1,100,,6783,9,,,1,100,,6782,9,,,1,100,,6800,9,,,1,100,,6777,9,,,1,100,,6802,9,,,1,100,,6797,9,,,1,101,,6789,9,,,1,70,,6801,9,,,1,30,,6796,9,,,1,70,,6784,9,0,5,1,30,,6790,9,0,5,1,71,,6792,9,0,5,1,28,,6786,9,0,5,1,100,,6794,9,0,5,1,100,,6787,9,0,5,1,100,,6795,9,0,5,1,100,,6785,9,0,5,1,100,,6793,9,0,5,1
20200,'Weekday-20',844,,6955,13,,,1,80,,6959,13,,,1,100,,6940,13,,,1,100,,6956,13,,,1,101,,6938,13,,,1,100,,6960,13,,,1,100,,6957,13,,,1,100,,6954,13,,,1,23,,6944,13,,,1,77,,6953,13,,,1,24,,6943,13,,,1,56,,6942,13,,,1,20,,6951,13,,,1,19,,6941,13,,,1,60,,6961,13,,,1,40,,6947,13,,,1,60,,6952,13,,,1
20200,'Weekday-25',844,,6978,13,,,1,80,,6982,13,,,1,100,,6964,13,,,1,100,,6979,13,,,1,101,,6962,13,,,1,100,,6985,13,,,1,100,,6980,13,,,1,100,,6977,13,,,1,23,,6968,13,,,1,77,,6976,13,,,1,24,,6967,13,,,1,56,,6966,13,,,1,20,,6974,13,,,1,19,,6965,13,,,1,60,,6983,13,,,1,40,,6971,13,,,1,60,,6975,13,,,1
20200,'Weekday-26',849,,6993,13,,,1,100,,6989,13,,,1,100,,6998,13,,,1,100,,6997,13,,,1,101,,6999,13,,,1,100,,6996,13,,,1,100,,7000,13,,,1,100,,6994,13,,,1,70,,7002,13,,,1,32,,6988,13,,,1,68,,6992,13,,,1,29,,7001,13,,,1
