100000600,'Saturday-21',600,,7613,18,,,1,100,,7614,18,,,1,100,,7615,18,,,1,100,,7616,18,,,1,100,,7617,18,,,1,100,,7618,18,,,1,100,,7619,18,,,1,100,,7620,18,,,1,100,,7621,18,,,1,100,,7622,18,,,1,100,,7623,18,,,1,100,,7624,18,,,1,100,,7625,18,,,1
100000600,'Saturday-23',600,,5952,18,,,1,100,,5953,18,,,1,100,,5954,18,,,1,100,,5955,18,,,1,100,,5956,18,,,1,100,,5957,18,,,1,100,,5958,18,,,1,100,,5959,18,,,1,100,,5960,18,,,1,100,,5961,18,,,1,100,,5962,18,,,1,100,,5963,18,,,1,100,,5964,18,,,1
100000600,'Weekday-20',549,,7628,18,,,1,60,,7627,18,,,1,20,,7629,18,,,1,20,,7635,18,,,1,60,,7631,18,,,1,20,,7634,18,,,1,18,,7630,18,,,1,60,,7639,18,,,1,40,,7648,18,,,1,100,,7636,18,,,1,100,,7626,18,,,1,100,,7633,18,,,1,100,,7637,18,,,1,100,,7647,18,,,1,100,,7638,18,,,1,60,,7632,18,,,1,40,,7640,18,,,1,60,,7649,18,,,1,20,,7644,18,,,1,20,,7641,18,,,1,60,,7642,18,,,1,20,,7646,18,,,1,20,,7645,18,,,1,80,,7643,18,,,1
100000600,'Weekday-25',549,,7652,18,,,1,60,,7651,18,,,1,20,,7653,18,,,1,20,,7659,18,,,1,60,,7655,18,,,1,20,,7658,18,,,1,18,,7654,18,,,1,60,,7663,18,,,1,40,,7672,18,,,1,100,,7660,18,,,1,100,,7650,18,,,1,100,,7657,18,,,1,100,,7661,18,,,1,100,,7671,18,,,1,100,,7662,18,,,1,60,,7656,18,,,1,40,,7664,18,,,1,60,,7673,18,,,1,20,,7668,18,,,1,20,,7665,18,,,1,60,,7666,18,,,1,20,,7670,18,,,1,20,,7669,18,,,1,80,,7667,18,,,1
100000600,'Weekday-26',544,,7688,18,,,1,70,,7689,18,,,1,30,,7686,18,,,1,70,,7682,18,,,1,30,,7687,18,,,1,70,,7683,18,,,1,100,,7684,18,,,1,100,,7690,18,,,1,100,,7685,18,,,1,100,,7691,18,,,1,100,,7680,18,,,1,100,,7692,18,,,1,100,,7681,18,,,1,30,,7676,18,,,1,70,,7677,18,,,1,30,,7674,18,,,1,70,,7678,18,,,1,30,,7675,18,,,1,70,,7679,18,,,1
100001400,'Saturday-21',616,,7971,5,,,1,100,,7962,5,,,1,100,,7972,5,,,1,100,,7963,5,,,1,100,,7973,5,,,1,100,,7964,5,,,1,100,,7974,5,,,1,100,,7965,5,,,1,100,,7975,5,,,1,100,,7966,5,,,1,100,,7976,5,,,1,100,,7967,5,,,1,100,,7977,5,,,1,100,,7968,5,,,1,100,,7978,5,,,1,100,,7969,5,,,1,96,,7979,5,,,1,100,,7970,5,,,1
100001400,'Saturday-23',616,,6171,5,,,1,100,,6162,5,,,1,100,,6172,5,,,1,100,,6163,5,,,1,100,,6173,5,,,1,100,,6164,5,,,1,100,,6174,5,,,1,100,,6165,5,,,1,100,,6175,5,,,1,100,,6166,5,,,1,100,,6176,5,,,1,100,,6167,5,,,1,100,,6177,5,,,1,100,,6168,5,,,1,100,,6178,5,,,1,100,,6169,5,,,1,96,,6179,5,,,1,100,,6170,5,,,1
100001400,'Sunday-22',616,,7986,5,,,1,100,,7980,5,,,1,100,,7987,5,,,1,100,,7981,5,,,1,100,,7988,5,,,1,100,,7982,5,,,1,100,,7989,5,,,1,100,,7983,5,,,1,100,,7990,5,,,1,100,,7984,5,,,1,100,,7991,5,,,1,100,,7985,5,,,1,100,,7992,5,,,1
100001400,'Sunday-62',616,,7999,5,,,1,100,,7993,5,,,1,100,,8000,5,,,1,100,,7994,5,,,1,100,,8001,5,,,1,100,,7995,5,,,1,100,,8002,5,,,1,100,,7996,5,,,1,100,,8003,5,,,1,100,,7997,5,,,1,100,,8004,5,,,1,100,,7998,5,,,1,100,,8005,5,,,1
100001400,'Weekday-20',530,,8007,5,,,1,20,,8009,5,,,1,60,,8021,5,,,1,20,,8010,5,,,1,20,,8022,5,,,1,60,,8008,5,,,1,21,,8020,5,,,1,20,,8014,5,,,1,60,,8015,5,,,1,40,,8016,5,,,1,70,,8019,5,,,1,100,,8017,5,,,1,100,,8006,5,,,1,100,,8036,5,,,1,100,,8037,5,,,1,100,,8018,5,,,1,91,,8040,5,,,1,23,,8023,5,,,1,16,,8030,5,,,1,60,,8038,5,,,1,20,,8011,5,,,1,20,,8039,5,,,1,60,,8025,5,,,1,20,,8013,5,,,1,20,,8027,5,,,1,60,,8035,5,,,1,20,,8012,5,,,1,20,,8024,5,,,1,61,,8026,5,,,1,19,,8031,5,,,1,69,,8034,5,,,1,31,,8032,5,,,1,100,,8028,5,,,1,100,,8033,5,,,1,100,,8029,5,,,1
100001400,'Weekday-25',530,,8042,5,,,1,20,,8044,5,,,1,60,,8056,5,,,1,20,,8045,5,,,1,20,,8057,5,,,1,60,,8043,5,,,1,21,,8055,5,,,1,20,,8049,5,,,1,60,,8050,5,,,1,40,,8051,5,,,1,70,,8054,5,,,1,100,,8052,5,,,1,100,,8041,5,,,1,100,,8071,5,,,1,100,,8072,5,,,1,100,,8053,5,,,1,91,,8075,5,,,1,23,,8058,5,,,1,16,,8065,5,,,1,60,,8073,5,,,1,20,,8046,5,,,1,20,,8074,5,,,1,60,,8060,5,,,1,20,,8048,5,,,1,20,,8062,5,,,1,60,,8070,5,,,1,20,,8047,5,,,1,20,,8059,5,,,1,61,,8061,5,,,1,19,,8066,5,,,1,69,,8069,5,,,1,31,,8067,5,,,1,100,,8063,5,,,1,100,,8068,5,,,1,100,,8064,5,,,1
100001400,'Weekday-26',545,,8076,5,,,1,70,,8077,5,,,1,30,,8078,5,,,1,70,,8079,5,,,1,30,,8080,5,,,1,70,,8081,5,,,1,100,,8085,5,,,1,100,,8083,5,,,1,100,,8084,5,,,1,100,,8094,5,,,1,100,,8082,5,,,1,100,,8097,5,,,1,100,,8086,5,,,1,30,,8092,5,,,1,70,,8087,5,,,1,30,,8088,5,,,1,70,,8089,5,,,1,30,,8093,5,,,1,70,,8090,5,,,1,27,,8091,5,4,,1,73,,8101,5,,,1,27,,8100,5,4,,1,73,,8095,5,,,1,100,,8098,5,,,1,100,,8096,5,,,1,100,,8099,5,,,1
