20101,'Saturday-21',649,,6811,25,,,1,100,,6819,25,,,1,100,,6810,25,,,1,100,,6820,25,,,1,100,,6804,25,,,1,100,,6814,25,,,1,100,,6805,25,,,1,100,,6815,25,,,1,100,,6803,25,,,1,100,,6816,25,,,1,100,,6807,25,,,1,100,,6818,25,,,1,100,,6809,25,,,1,101,,6813,25,,,1,100,,6806,25,,,1,97,,6817,25,,,1,100,,6812,25,,,1
20101,'Saturday-23',649,,5538,25,,,1,100,,5546,25,,,1,100,,5537,25,,,1,100,,5547,25,,,1,100,,5531,25,,,1,100,,5541,25,,,1,100,,5532,25,,,1,100,,5542,25,,,1,100,,5530,25,,,1,100,,5543,25,,,1,100,,5534,25,,,1,100,,5545,25,,,1,100,,5536,25,,,1,101,,5540,25,,,1,100,,5533,25,,,1,97,,5544,25,,,1,100,,5539,25,,,1
20101,'Sunday-22',638,,6825,25,,,1,100,,6835,25,,,1,106,,6824,25,,,1,100,,6834,25,,,1,105,,6826,25,,,1,100,,6833,25,,,1,100,,6827,25,,,1,100,,6832,25,,,1,100,,6828,25,,,1,100,,6831,25,,,1,100,,6823,25,,,1,100,,6830,25,,,1
20101,'Sunday-62',638,,6839,25,,,1,100,,6849,25,,,1,106,,6838,25,,,1,100,,6848,25,,,1,105,,6840,25,,,1,100,,6847,25,,,1,100,,6841,25,,,1,100,,6846,25,,,1,100,,6842,25,,,1,100,,6845,25,,,1,100,,6837,25,,,1,100,,6844,25,,,1
20101,'Weekday-20',633,,6867,25,,,1,70,,6875,25,,,1,24,,6878,25,,,1,20,,6854,25,,,1,80,,6868,25,,,1,97,,6879,25,,,1,100,,6863,25,,,1,100,,6876,25,,,1,100,,6873,25,,,1,100,,6866,25,,,1,100,,6874,25,,,1,20,,6877,25,,,1,80,,6871,25,,,1,23,,6864,25,,,1,60,,6850,25,,,1,19,,6870,25,,,1,21,,6855,25,,,1,60,,6872,25,,,1,20,,6869,25,,,1,21,,6865,25,,,1,61,,6851,25,,,1,16,,6880,25,,,1,87,,6853,25,,,1,25,,6859,25,,,1,67,,6852,25,,,1,100,,6860,25,,,1,100,,6861,25,,,1,100,,6857,25,,,1
20101,'Weekday-25',633,,6900,25,,,1,70,,6903,25,,,1,24,,6906,25,,,1,20,,6887,25,,,1,80,,6901,25,,,1,97,,6907,25,,,1,100,,6896,25,,,1,100,,6904,25,,,1,100,,6910,25,,,1,100,,6899,25,,,1,100,,6911,25,,,1,20,,6905,25,,,1,80,,6909,25,,,1,23,,6897,25,,,1,60,,6883,25,,,1,19,,6902,25,,,1,21,,6888,25,,,1,60,,6882,25,,,1,20,,6881,25,,,1,21,,6898,25,,,1,61,,6884,25,,,1,16,,6908,25,,,1,87,,6886,25,,,1,25,,6892,25,,,1,67,,6885,25,,,1,100,,6893,25,,,1,100,,6894,25,,,1,100,,6890,25,,,1
20101,'Weekday-26',650,,6914,25,,,1,70,,6915,25,,,1,30,,6933,25,,,1,70,,6923,25,,,1,30,,6913,25,,,1,100,,6925,25,,,1,100,,6932,25,,,1,100,,6917,25,,,1,100,,6916,25,,,1,100,,6935,25,,,1,100,,6912,25,,,1,100,,6936,25,,,1,70,,6931,25,,,1,30,,6918,25,,,1,70,,6924,25,,,1,30,,6937,25,,,1,69,,6919,25,,,1,29,,6926,25,,,1,70,,6927,25,,,1,30,,6920,25,,,1,100,,6928,25,,,1,100,,6921,25,,,1,100,,6929,25,,,1
20301,'Weekday-20',727,,7179,11,,,1,20,,7167,11,,,1,80,,7169,11,,,1,97,,7172,11,,,1,100,,7165,11,,,1,100,,7170,11,,,1,100,,7166,11,,,1,100,,7171,11,,,1,100,,7178,11,,,1,20,,7176,11,,,1,80,,7168,11,,,1,104,,7173,11,,,1,79,,7175,11,,,1,21,,7177,11,,,1,81,,7174,11,,,1,16,,7180,11,,,1,79,,7164,11,,,1,33,,7163,11,,,1
20301,'Weekday-25',727,,7195,11,,,1,20,,7191,11,,,1,80,,7202,11,,,1,97,,7205,11,,,1,100,,7189,11,,,1,100,,7203,11,,,1,100,,7190,11,,,1,100,,7204,11,,,1,100,,7194,11,,,1,20,,7186,11,,,1,80,,7208,11,,,1,104,,7206,11,,,1,79,,7192,11,,,1,21,,7193,11,,,1,81,,7207,11,,,1,16,,7196,11,,,1,79,,7188,11,,,1,33,,7187,11,,,1
20301,'Weekday-26',719,,7212,11,,,1,30,,7214,11,,,1,70,,7218,11,,,1,30,,7213,11,,,1,100,,7219,11,,,1,100,,7216,11,,,1,100,,7220,11,,,1,100,,7217,11,,,1,100,,7221,11,,,1,100,,7225,11,,,1,100,,7222,11,,,1,70,,7209,11,,,1,30,,7226,11,,,1,72,,7223,11,,,1,28,,7210,11,,,1,70,,7227,11,,,1
20401,'Weekday-20',1547,,7247,8,,,1,101,,7246,8,,,1,99,,7251,8,,,1
20401,'Weekday-25',1547,,7256,8,,,1,101,,7258,8,,,1,99,,7259,8,,,1
20801,'Weekday-20',1547,,7371,9,,,1,60,,7369,9,,,1,20,,7374,9,,,1,20,,7375,9,,,1,60,,7373,9,,,1,20,,7370,9,,,1,21,,7372,9,,,1
20801,'Weekday-25',1547,,7379,9,,,1,60,,7377,9,,,1,20,,7376,9,,,1,20,,7382,9,,,1,60,,7381,9,,,1,20,,7378,9,,,1,21,,7380,9,,,1
21101,'Weekday-20',1607,,7389,11,,,1,40,,7391,11,,,1,60,,7393,11,,,1,20,,7390,11,,,1,21,,7392,11,,,1
21101,'Weekday-25',1607,,7394,11,,,1,40,,7398,11,,,1,60,,7397,11,,,1,20,,7396,11,,,1,21,,7395,11,,,1
