20101,'Saturday-21',633,,6811,21,,,1,100,,6819,21,,,1,100,,6810,21,,,1,103,,6820,21,,,1,100,,6804,21,,,1,100,,6814,21,,,1,100,,6805,21,,,1,100,,6815,21,,,1,100,,6803,21,,,1,100,,6816,21,,,1,100,,6807,21,,,1,100,,6818,21,,,1,102,,6809,21,,,1,100,,6813,21,,,1,100,,6806,21,,,1,98,,6817,21,,,1,100,,6812,21,,,1,100,,6821,21,,,1,100,,6808,21,,,1
20101,'Saturday-23',633,,5538,21,,,1,100,,5546,21,,,1,100,,5537,21,,,1,103,,5547,21,,,1,100,,5531,21,,,1,100,,5541,21,,,1,100,,5532,21,,,1,100,,5542,21,,,1,100,,5530,21,,,1,100,,5543,21,,,1,100,,5534,21,,,1,100,,5545,21,,,1,102,,5536,21,,,1,100,,5540,21,,,1,100,,5533,21,,,1,98,,5544,21,,,1,100,,5539,21,,,1,100,,5548,21,,,1,100,,5535,21,,,1
20101,'Sunday-22',627,,6825,21,,,1,100,,6835,21,,,1,106,,6824,21,,,1,100,,6834,21,,,1,105,,6826,21,,,1,100,,6833,21,,,1,100,,6827,21,,,1,100,,6832,21,,,1,100,,6828,21,,,1,100,,6831,21,,,1,100,,6823,21,,,1,100,,6830,21,,,1,97,,6822,21,,,1,100,,6829,21,,,1
20101,'Sunday-62',627,,6839,21,,,1,100,,6849,21,,,1,106,,6838,21,,,1,100,,6848,21,,,1,105,,6840,21,,,1,100,,6847,21,,,1,100,,6841,21,,,1,100,,6846,21,,,1,100,,6842,21,,,1,100,,6845,21,,,1,100,,6837,21,,,1,100,,6844,21,,,1,97,,6836,21,,,1,100,,6843,21,,,1
20101,'Weekday-20',620,,6867,21,,,1,30,,6875,21,,,1,65,,6878,21,,,1,20,,6854,21,,,1,73,,6868,21,,,1,102,,6879,21,,,1,101,,6863,21,,,1,100,,6876,21,,,1,100,,6873,21,,,1,98,,6866,21,,,1,100,,6874,21,,,1,16,,6877,21,,,1,85,,6871,21,,,1,20,,6864,21,,,1,19,,6850,21,,,1,59,,6870,21,,,1,21,,6855,21,,,1,19,,6872,21,,,1,61,,6869,21,,,1,22,,6865,21,,,1,25,,6851,21,,,1,56,,6880,21,,,1,25,,6856,21,,,1,63,,6853,21,,,1,23,,6859,21,,,1,27,,6852,21,,,1,100,,6860,21,,,1,100,,6861,21,,,1,100,,6857,21,,,1,100,,6862,21,,,1,100,,6858,21,,,1
20101,'Weekday-25',620,,6900,21,,,1,30,,6903,21,,,1,65,,6906,21,,,1,20,,6887,21,,,1,73,,6901,21,,,1,102,,6907,21,,,1,101,,6896,21,,,1,100,,6904,21,,,1,100,,6910,21,,,1,98,,6899,21,,,1,100,,6911,21,,,1,16,,6905,21,,,1,85,,6909,21,,,1,20,,6897,21,,,1,19,,6883,21,,,1,59,,6902,21,,,1,21,,6888,21,,,1,19,,6882,21,,,1,61,,6881,21,,,1,22,,6898,21,,,1,25,,6884,21,,,1,56,,6908,21,,,1,25,,6889,21,,,1,63,,6886,21,,,1,23,,6892,21,,,1,27,,6885,21,,,1,100,,6893,21,,,1,100,,6894,21,,,1,100,,6890,21,,,1,100,,6895,21,,,1,100,,6891,21,,,1
20101,'Weekday-26',635,,6914,21,,,1,70,,6915,21,,,1,33,,6933,21,,,1,70,,6923,21,,,1,28,,6913,21,,,1,79,,6934,21,,,1,21,,6925,21,,,1,100,,6932,21,,,1,100,,6917,21,,,1,100,,6916,21,,,1,100,,6935,21,,,1,100,,6912,21,,,1,100,,6936,21,,,1,70,,6931,21,,,1,28,,6918,21,,,1,74,,6924,21,,,1,30,,6937,21,,,1,70,,6919,21,,,1,30,,6926,21,,,1,72,,6927,21,,,1,25,,6920,21,,,1,100,,6928,21,,,1,100,,6921,21,,,1,100,,6929,21,,,1,100,,6922,21,,,1,100,,6930,21,,,1
20201,'Weekday-20',714,,7012,10,,,1,20,,7005,10,,,1,80,,7023,10,,,1,97,,7013,10,,,1,101,,7024,10,,,1,100,,7006,10,,,1,100,,7020,10,,,1,100,,7003,10,,,1,99,,7025,10,,,1,20,,7004,10,,,1,78,,7022,10,,,1,22,,7018,10,,,1,20,,7010,10,,,1,60,,7021,10,,,1,20,,7019,10,,,1,20,,7011,10,,,1,63,,7017,10,,,1,21,,7009,10,,,1,21,,7008,10,,,1,57,,7015,10,,,1,20,,7007,10,,,1,18,,7026,10,,,1,73,,7014,10,,,1,25,,7016,10,,,1
20201,'Weekday-25',714,,7036,10,,,1,20,,7029,10,,,1,80,,7047,10,,,1,97,,7037,10,,,1,101,,7048,10,,,1,100,,7030,10,,,1,100,,7044,10,,,1,100,,7027,10,,,1,99,,7050,10,,,1,20,,7028,10,,,1,78,,7046,10,,,1,22,,7042,10,,,1,20,,7034,10,,,1,60,,7045,10,,,1,20,,7043,10,,,1,20,,7035,10,,,1,63,,7041,10,,,1,21,,7033,10,,,1,21,,7032,10,,,1,57,,7039,10,,,1,20,,7031,10,,,1,18,,7049,10,,,1,73,,7038,10,,,1,25,,7040,10,,,1
20201,'Weekday-26',706,,7051,10,,,1,30,,7055,10,,,1,70,,7058,10,,,1,30,,7052,10,,,1,70,,7056,10,,,1,31,,7059,10,,,1,100,,7057,10,,,1,100,,7064,10,,,1,100,,7062,10,,,1,100,,7065,10,,,1,100,,7063,10,,,1,100,,7066,10,,,1,70,,7053,10,,,1,30,,7060,10,,,1,70,,7068,10,,,1,30,,7054,10,,,1,70,,7061,10,,,1,30,,7067,10,,,1
