20100,'Saturday-21',530,,6664,1,0,5,1,100,,6676,1,0,5,1,100,,6669,1,0,5,1,100,,6680,1,0,5,1,100,,6668,1,0,5,1,100,,6679,1,0,5,1,100,,6672,1,0,5,1,100,,6678,1,0,5,1,100,,6666,1,0,5,1,100,,6675,1,0,5,1,100,,6673,1,0,5,1,100,,6677,1,0,5,1,100,,6671,1,0,5,1,100,,6674,1,0,5,1,100,,6665,1,0,5,1,100,,6682,1,0,5,1,100,,6670,1,0,5,1,100,,6681,1,0,5,1,100,,6667,1,0,5,1
20100,'Saturday-23',530,,5431,1,0,5,1,100,,5443,1,0,5,1,100,,5436,1,0,5,1,100,,5447,1,0,5,1,100,,5435,1,0,5,1,100,,5446,1,0,5,1,100,,5439,1,0,5,1,100,,5445,1,0,5,1,100,,5433,1,0,5,1,100,,5442,1,0,5,1,100,,5440,1,0,5,1,100,,5444,1,0,5,1,100,,5438,1,0,5,1,100,,5441,1,0,5,1,100,,5432,1,0,5,1,100,,5449,1,0,5,1,100,,5437,1,0,5,1,100,,5448,1,0,5,1,100,,5434,1,0,5,1
20100,'Sunday-22',530,,6686,1,0,5,1,100,,6692,1,0,5,1,100,,6684,1,0,5,1,100,,6691,1,0,5,1,100,,6685,1,0,5,1,100,,6695,1,0,5,1,100,,6688,1,0,5,1,100,,6693,1,0,5,1,100,,6687,1,0,5,1,100,,6696,1,0,5,1,100,,6689,1,0,5,1,100,,6694,1,0,5,1,100,,6683,1,0,5,1,100,,6690,1,0,5,1
20100,'Sunday-62',530,,6700,1,0,5,1,100,,6706,1,0,5,1,100,,6698,1,0,5,1,100,,6705,1,0,5,1,100,,6699,1,0,5,1,100,,6709,1,0,5,1,100,,6702,1,0,5,1,100,,6707,1,0,5,1,100,,6701,1,0,5,1,100,,6710,1,0,5,1,100,,6703,1,0,5,1,100,,6708,1,0,5,1,100,,6697,1,0,5,1,100,,6704,1,0,5,1
20100,'Weekday-20',520,,6728,1,0,5,1,25,,6734,1,0,5,1,60,,6738,1,0,5,1,20,,6715,1,0,5,1,20,,6729,1,0,5,1,60,,6741,1,,,1,20,,6735,1,,,1,20,,6739,1,0,5,1,60,,6742,1,,,1,20,,6726,1,,,1,80,,6736,1,,,1,100,,6732,1,,,1,100,,6727,1,,,1,100,,6733,1,,,1,100,,6737,1,0,5,1,100,,6724,1,0,5,1,100,,6716,1,0,5,1,23,,6743,1,0,5,1,77,,6725,1,0,5,1,22,,6740,1,,,1,18,,6711,1,0,5,1,60,,6730,1,,,1,20,,6717,1,0,5,1,20,,6714,1,0,5,1,60,,6719,1,0,5,1,40,,6712,1,0,5,1,100,,6721,1,0,5,1,100,,6722,1,0,5,1,100,,6720,1,0,5,1,100,,6723,1,0,5,1,100,,6718,1,0,5,1
20100,'Weekday-25',520,,6761,1,0,5,1,25,,6765,1,0,5,1,60,,6769,1,0,5,1,20,,6748,1,0,5,1,20,,6762,1,0,5,1,60,,6772,1,,,1,20,,6766,1,,,1,20,,6770,1,0,5,1,60,,6773,1,,,1,20,,6759,1,,,1,80,,6767,1,,,1,100,,6775,1,,,1,100,,6760,1,,,1,100,,6776,1,,,1,100,,6768,1,0,5,1,100,,6757,1,0,5,1,100,,6749,1,0,5,1,23,,6774,1,0,5,1,77,,6758,1,0,5,1,22,,6771,1,,,1,18,,6744,1,0,5,1,60,,6763,1,,,1,20,,6750,1,0,5,1,20,,6747,1,0,5,1,60,,6752,1,0,5,1,40,,6745,1,0,5,1,100,,6754,1,0,5,1,100,,6755,1,0,5,1,100,,6753,1,0,5,1,100,,6756,1,0,5,1,100,,6751,1,0,5,1
20100,'Weekday-26',530,,6779,1,0,5,1,70,,6781,1,0,5,1,30,,6798,1,0,5,1,70,,6778,1,,,1,30,,6780,1,,,1,70,,6799,1,0,5,1,30,,6791,1,0,5,1,100,,6783,1,,,1,100,,6782,1,,,1,100,,6800,1,,,1,100,,6777,1,,,1,100,,6802,1,,,1,100,,6797,1,,,1,100,,6789,1,,,1,70,,6801,1,,,1,30,,6796,1,,,1,70,,6784,1,0,5,1,30,,6790,1,0,5,1,70,,6792,1,0,5,1,30,,6786,1,0,5,1,100,,6794,1,0,5,1,100,,6787,1,0,5,1,100,,6795,1,0,5,1,100,,6785,1,0,5,1,100,,6793,1,0,5,1
20101,'Saturday-21',653,,6811,27,4,,1,100,,6819,27,4,,1,100,,6810,27,4,,1,101,,6820,27,4,,1,100,,6804,27,4,,1,100,,6814,27,4,,1,100,,6805,27,4,,1,100,,6815,27,4,,1,100,,6803,27,4,,1,100,,6816,27,4,,1,100,,6807,27,4,,1,100,,6818,27,4,,1,99,,6809,27,4,,1,102,,6813,27,4,,1,100,,6806,27,4,,1,96,,6817,27,4,,1,100,,6812,27,4,,1
20101,'Saturday-23',653,,5538,27,4,,1,100,,5546,27,4,,1,100,,5537,27,4,,1,101,,5547,27,4,,1,100,,5531,27,4,,1,100,,5541,27,4,,1,100,,5532,27,4,,1,100,,5542,27,4,,1,100,,5530,27,4,,1,100,,5543,27,4,,1,100,,5534,27,4,,1,100,,5545,27,4,,1,99,,5536,27,4,,1,102,,5540,27,4,,1,100,,5533,27,4,,1,96,,5544,27,4,,1,100,,5539,27,4,,1
20101,'Sunday-22',642,,6825,27,4,,1,100,,6835,27,4,,1,106,,6824,27,4,,1,100,,6834,27,4,,1,106,,6826,27,4,,1,100,,6833,27,4,,1,100,,6827,27,4,,1,100,,6832,27,4,,1,100,,6828,27,4,,1,100,,6831,27,4,,1,100,,6823,27,4,,1,100,,6830,27,4,,1
20101,'Sunday-62',642,,6839,27,4,,1,100,,6849,27,4,,1,106,,6838,27,4,,1,100,,6848,27,4,,1,106,,6840,27,4,,1,100,,6847,27,4,,1,100,,6841,27,4,,1,100,,6846,27,4,,1,100,,6842,27,4,,1,100,,6845,27,4,,1,100,,6837,27,4,,1,100,,6844,27,4,,1
20101,'Weekday-20',638,,6867,27,4,,1,70,,6875,27,4,,1,25,,6878,27,4,,1,20,,6854,27,4,,1,80,,6868,27,4,,1,97,,6879,27,4,,1,100,,6863,27,4,,1,100,,6876,27,4,,1,100,,6873,27,4,,1,100,,6866,27,4,,1,100,,6874,27,4,,1,20,,6877,27,4,,1,80,,6871,27,4,,1,23,,6864,27,4,,1,60,,6850,27,4,,1,20,,6870,27,4,,1,20,,6855,27,4,,1,60,,6872,27,4,,1,20,,6869,27,4,,1,21,,6865,27,4,,1,61,,6851,27,4,,1,15,,6880,27,4,,1,88,,6853,27,4,,1,25,,6859,27,4,,1,65,,6852,27,4,,1,100,,6860,27,4,,1,100,,6861,27,4,,1,100,,6857,27,4,,1
20101,'Weekday-25',638,,6900,27,4,,1,70,,6903,27,4,,1,25,,6906,27,4,,1,20,,6887,27,4,,1,80,,6901,27,4,,1,97,,6907,27,4,,1,100,,6896,27,4,,1,100,,6904,27,4,,1,100,,6910,27,4,,1,100,,6899,27,4,,1,100,,6911,27,4,,1,20,,6905,27,4,,1,80,,6909,27,4,,1,23,,6897,27,4,,1,60,,6883,27,4,,1,20,,6902,27,4,,1,20,,6888,27,4,,1,60,,6882,27,4,,1,20,,6881,27,4,,1,21,,6898,27,4,,1,61,,6884,27,4,,1,15,,6908,27,4,,1,88,,6886,27,4,,1,25,,6892,27,4,,1,65,,6885,27,4,,1,100,,6893,27,4,,1,100,,6894,27,4,,1,100,,6890,27,4,,1
20101,'Weekday-26',655,,6914,27,4,,1,70,,6915,27,4,,1,30,,6933,27,4,,1,70,,6923,27,4,,1,30,,6913,27,4,,1,100,,6925,27,4,,1,100,,6932,27,4,,1,100,,6917,27,4,,1,100,,6916,27,4,,1,100,,6935,27,4,,1,100,,6912,27,4,,1,100,,6936,27,4,,1,70,,6931,27,4,,1,30,,6918,27,4,,1,70,,6924,27,4,,1,30,,6937,27,4,,1,70,,6919,27,4,,1,28,,6926,27,4,,1,70,,6927,27,4,,1,30,,6920,27,4,,1,100,,6928,27,4,,1,100,,6921,27,4,,1,100,,6929,27,4,,1
20200,'Weekday-20',605,,6945,1,,,1,20,,6939,1,,,1,20,,6950,1,,,1,60,,6958,1,,,1,20,,6949,1,,,1,20,,6948,1,,,1,60,,6946,1,,,1,20,,6955,1,,,1,80,,6959,1,,,1,100,,6940,1,,,1,100,,6956,1,,,1,100,,6938,1,,,1,100,,6960,1,,,1,100,,6957,1,,,1,100,,6954,1,,,1,23,,6944,1,,,1,77,,6953,1,,,1,22,,6943,1,,,1,18,,6942,1,,,1,60,,6951,1,,,1,20,,6941,1,,,1,20,,6961,1,,,1,80,,6947,1,,,1,20,,6952,1,,,1
20200,'Weekday-25',605,,6969,1,,,1,20,,6963,1,,,1,20,,6973,1,,,1,60,,6981,1,,,1,20,,6984,1,,,1,20,,6972,1,,,1,60,,6970,1,,,1,20,,6978,1,,,1,80,,6982,1,,,1,100,,6964,1,,,1,100,,6979,1,,,1,100,,6962,1,,,1,100,,6985,1,,,1,100,,6980,1,,,1,100,,6977,1,,,1,23,,6968,1,,,1,77,,6976,1,,,1,22,,6967,1,,,1,18,,6966,1,,,1,60,,6974,1,,,1,20,,6965,1,,,1,20,,6983,1,,,1,80,,6971,1,,,1,20,,6975,1,,,1
20200,'Weekday-26',600,,6987,1,,,1,30,,6991,1,,,1,70,,6995,1,,,1,30,,6986,1,,,1,70,,6990,1,,,1,30,,6993,1,,,1,100,,6989,1,,,1,100,,6998,1,,,1,100,,6997,1,,,1,100,,6999,1,,,1,100,,6996,1,,,1,100,,7000,1,,,1,100,,6994,1,,,1,70,,7002,1,,,1,30,,6988,1,,,1,70,,6992,1,,,1,30,,7001,1,,,1
20201,'Weekday-20',733,,7012,21,4,,1,20,,7005,21,4,,1,80,,7023,21,4,,1,97,,7013,21,4,,1,100,,7024,21,4,,1,100,,7006,21,4,,1,100,,7020,21,4,,1,100,,7003,21,4,,1,100,,7025,21,4,,1,20,,7004,21,4,,1,80,,7022,21,4,,1,23,,7018,21,4,,1,60,,7010,21,4,,1,20,,7021,21,4,,1,20,,7019,21,4,,1,60,,7011,21,4,,1,20,,7017,21,4,,1,21,,7009,21,4,,1,61,,7008,21,4,,1,18,,7015,21,4,,1,19,,7007,21,4,,1,58,,7026,21,4,,1,33,,7014,21,4,,1,65,,7016,21,4,,1
20201,'Weekday-25',733,,7036,21,4,,1,20,,7029,21,4,,1,80,,7047,21,4,,1,97,,7037,21,4,,1,100,,7048,21,4,,1,100,,7030,21,4,,1,100,,7044,21,4,,1,100,,7027,21,4,,1,100,,7050,21,4,,1,20,,7028,21,4,,1,80,,7046,21,4,,1,23,,7042,21,4,,1,60,,7034,21,4,,1,20,,7045,21,4,,1,20,,7043,21,4,,1,60,,7035,21,4,,1,20,,7041,21,4,,1,21,,7033,21,4,,1,61,,7032,21,4,,1,18,,7039,21,4,,1,19,,7031,21,4,,1,58,,7049,21,4,,1,33,,7038,21,4,,1,65,,7040,21,4,,1
20201,'Weekday-26',725,,7051,21,4,,1,30,,7055,21,4,,1,70,,7058,21,4,,1,30,,7052,21,4,,1,70,,7056,21,4,,1,30,,7059,21,4,,1,100,,7057,21,4,,1,100,,7064,21,4,,1,100,,7062,21,4,,1,100,,7065,21,4,,1,100,,7063,21,4,,1,100,,7066,21,4,,1,70,,7053,21,4,,1,30,,7060,21,4,,1,70,,7068,21,4,,1,30,,7054,21,4,,1,70,,7061,21,4,,1,30,,7067,21,4,,1
20300,'Weekday-20',605,,7097,1,,,1,20,,7084,1,,,1,20,,7080,1,,,1,80,,7096,1,,,1,20,,7081,1,,,1,80,,7085,1,,,1,80,,7082,1,,,1,100,,7088,1,,,1,100,,7083,1,,,1,100,,7089,1,,,1,100,,7095,1,,,1,100,,7086,1,,,1,100,,7091,1,,,1,23,,7092,1,,,1,77,,7094,1,,,1,22,,7087,1,,,1,18,,7090,1,,,1,60,,7098,1,,,1,20,,7093,1,,,1,20,,7079,1,,,1,60,,7078,1,,,1,40,,7099,1,,,1
20300,'Weekday-25',605,,7116,1,,,1,20,,7110,1,,,1,20,,7106,1,,,1,80,,7115,1,,,1,20,,7107,1,,,1,80,,7123,1,,,1,80,,7108,1,,,1,100,,7124,1,,,1,100,,7109,1,,,1,100,,7125,1,,,1,100,,7114,1,,,1,100,,7128,1,,,1,100,,7127,1,,,1,23,,7111,1,,,1,77,,7113,1,,,1,22,,7129,1,,,1,18,,7126,1,,,1,60,,7117,1,,,1,20,,7112,1,,,1,20,,7105,1,,,1,60,,7104,1,,,1,40,,7118,1,,,1
20300,'Weekday-26',600,,7133,1,,,1,30,,7134,1,,,1,70,,7138,1,,,1,30,,7132,1,,,1,70,,7135,1,,,1,30,,7139,1,,,1,100,,7136,1,,,1,100,,7140,1,,,1,100,,7137,1,,,1,100,,7144,1,,,1,100,,7145,1,,,1,100,,7141,1,,,1,100,,7146,1,,,1,70,,7142,1,,,1,30,,7130,1,,,1,70,,7147,1,,,1,30,,7143,1,,,1,70,,7131,1,,,1,30,,7148,1,,,1
20301,'Weekday-20',733,,7179,13,4,,1,20,,7167,13,4,,1,80,,7169,13,4,,1,97,,7172,13,4,,1,100,,7165,13,4,,1,100,,7170,13,4,,1,100,,7166,13,4,,1,100,,7171,13,4,,1,100,,7178,13,4,,1,20,,7176,13,4,,1,80,,7168,13,4,,1,104,,7173,13,4,,1,79,,7175,13,4,,1,21,,7177,13,4,,1,81,,7174,13,4,,1,15,,7180,13,4,,1,80,,7164,13,4,,1,33,,7163,13,4,,1
20301,'Weekday-25',733,,7195,13,4,,1,20,,7191,13,4,,1,80,,7202,13,4,,1,97,,7205,13,4,,1,100,,7189,13,4,,1,100,,7203,13,4,,1,100,,7190,13,4,,1,100,,7204,13,4,,1,100,,7194,13,4,,1,20,,7186,13,4,,1,80,,7208,13,4,,1,104,,7206,13,4,,1,79,,7192,13,4,,1,21,,7193,13,4,,1,81,,7207,13,4,,1,15,,7196,13,4,,1,80,,7188,13,4,,1,33,,7187,13,4,,1
20301,'Weekday-26',725,,7212,13,4,,1,30,,7214,13,4,,1,70,,7218,13,4,,1,30,,7213,13,4,,1,100,,7219,13,4,,1,100,,7216,13,4,,1,100,,7220,13,4,,1,100,,7217,13,4,,1,100,,7221,13,4,,1,100,,7225,13,4,,1,100,,7222,13,4,,1,70,,7209,13,4,,1,30,,7226,13,4,,1,72,,7223,13,4,,1,28,,7210,13,4,,1,70,,7227,13,4,,1
20800,'Weekday-20',605,,7354,1,,,1,20,,7356,1,,,1,20,,7358,1,,,1,60,,7361,1,,,1,20,,7355,1,,,1,20,,7357,1,,,1,60,,7359,1,,,1
20800,'Weekday-25',605,,7362,1,,,1,20,,7364,1,,,1,20,,7365,1,,,1,60,,7367,1,,,1,20,,7363,1,,,1,20,,7368,1,,,1,60,,7366,1,,,1
20801,'Weekday-20',1553,,7371,11,4,,1,60,,7369,11,4,,1,20,,7374,11,4,,1,20,,7375,11,4,,1,60,,7373,11,4,,1,20,,7370,11,4,,1,21,,7372,11,4,,1
20801,'Weekday-25',1553,,7379,11,4,,1,60,,7377,11,4,,1,20,,7376,11,4,,1,20,,7382,11,4,,1,60,,7381,11,4,,1,20,,7378,11,4,,1,21,,7380,11,4,,1
600000101,'Saturday-23',940,,6628,1,,,1,18,,6628,3,4,,1,42,,6629,1,,,1,18,,6629,3,4,,1,2,,6630,1,,,1,18,,6630,3,4,,1,2,,6631,1,,,1,18,,6631,3,4,,1,42,,6632,1,,,1,18,,6632,3,4,,1,2,,6633,1,,,1,18,,6633,3,4,,1,2,,6634,1,,,1,18,,6634,3,4,,1,42,,6635,1,,,1,18,,6635,3,4,,1,2,,6636,1,,,1,18,,6636,3,4,,1,2,,6637,1,,,1,18,,6637,3,4,,1,42,,6638,1,,,1,18,,6638,3,4,,1,2,,6639,1,,,1,18,,6639,3,4,,1,2,,6640,1,,,1,18,,6640,3,4,,1,42,,6641,1,,,1,18,,6641,3,4,,1,2,,6642,1,,,1,18,,6642,3,4,,1,2,,6643,1,,,1,18,,6643,3,4,,1,42,,6644,1,,,1,18,,6644,3,4,,1,2,,6645,1,,,1,18,,6645,3,4,,1
