100000700,'Saturday-21',629,,7758,2,,,1,100,,7759,2,,,1,100,,7760,2,,,1,100,,7761,2,,,1,100,,7766,2,,,1,100,,7762,2,,,1,100,,7767,2,,,1,100,,7763,2,,,1,100,,7768,2,,,1,100,,7764,2,,,1,100,,7769,2,,,1,100,,7765,2,,,1
100000700,'Saturday-23',629,,6046,2,,,1,100,,6047,2,,,1,100,,6048,2,,,1,100,,6049,2,,,1,100,,6054,2,,,1,100,,6050,2,,,1,100,,6055,2,,,1,100,,6051,2,,,1,100,,6056,2,,,1,100,,6052,2,,,1,100,,6057,2,,,1,100,,6053,2,,,1
100000700,'Weekday-20',656,,7783,2,,,1,60,,7776,2,,,1,20,,7772,2,,,1,20,,7778,2,,,1,80,,7779,2,,,1,100,,7774,2,,,1,100,,7780,2,,,1,100,,7770,2,,,1,100,,7782,2,,,1,100,,7781,2,,,1
100000700,'Weekday-25',656,,7796,2,,,1,60,,7790,2,,,1,20,,7786,2,,,1,20,,7792,2,,,1,80,,7793,2,,,1,100,,7788,2,,,1,100,,7794,2,,,1,100,,7784,2,,,1,100,,7797,2,,,1,100,,7795,2,,,1
100000700,'Weekday-26',658,,7810,2,,,1,70,,7811,2,,,1,30,,7812,2,,,1,70,,7813,2,,,1,30,,7814,2,,,1,100,,7815,2,,,1,100,,7798,2,,,1,100,,7799,2,,,1,100,,7801,2,,,1,100,,7800,2,,,1,100,,7802,2,,,1,70,,7803,2,,,1,30,,7804,2,,,1,70,,7805,2,,,1,30,,7806,2,,,1,70,,7807,2,,,1,30,,7808,2,,,1
100001401,'Saturday-21',701,,8102,2,,,1,100,,8111,2,,,1,100,,8103,2,,,1,100,,8112,2,,,1,100,,8104,2,,,1,100,,8113,2,,,1,100,,8105,2,,,1,100,,8114,2,,,1,100,,8106,2,,,1,100,,8115,2,,,1,100,,8107,2,,,1,100,,8116,2,,,1,100,,8108,2,,,1,100,,8117,2,,,1,100,,8110,2,,,1,55,,8118,2,,,1,100,,8109,2,,,1
100001401,'Saturday-23',701,,6259,2,,,1,100,,6268,2,,,1,100,,6260,2,,,1,100,,6269,2,,,1,100,,6261,2,,,1,100,,6270,2,,,1,100,,6262,2,,,1,100,,6271,2,,,1,100,,6263,2,,,1,100,,6272,2,,,1,100,,6264,2,,,1,100,,6273,2,,,1,100,,6265,2,,,1,100,,6274,2,,,1,100,,6267,2,,,1,55,,6275,2,,,1,100,,6266,2,,,1
100001401,'Sunday-22',701,,8119,2,,,1,100,,8125,2,,,1,100,,8120,2,,,1,100,,8126,2,,,1,100,,8121,2,,,1,100,,8127,2,,,1,100,,8122,2,,,1,100,,8128,2,,,1,100,,8123,2,,,1,100,,8129,2,,,1,100,,8124,2,,,1,100,,8130,2,,,1
100001401,'Sunday-62',701,,8131,2,,,1,100,,8137,2,,,1,100,,8132,2,,,1,100,,8138,2,,,1,100,,8133,2,,,1,100,,8139,2,,,1,100,,8134,2,,,1,100,,8140,2,,,1,100,,8135,2,,,1,100,,8141,2,,,1,100,,8136,2,,,1,100,,8142,2,,,1
100001401,'Weekday-20',606,,8145,2,,,1,20,,8156,2,,,1,20,,8144,2,,,1,71,,8155,2,,,1,20,,8149,2,,,1,20,,8152,2,,,1,80,,8153,2,,,1,68,,8154,2,,,1,100,,8150,2,,,1,100,,8143,2,,,1,100,,8171,2,,,1,100,,8170,2,,,1,100,,8151,2,,,1,53,,8174,2,,,1,58,,8157,2,,,1,21,,8164,2,,,1,20,,8172,2,,,1,60,,8146,2,,,1,20,,8173,2,,,1,20,,8159,2,,,1,60,,8148,2,,,1,20,,8161,2,,,1,20,,8169,2,,,1,60,,8147,2,,,1,20,,8158,2,,,1,21,,8160,2,,,1,55,,8167,2,,,1,33,,8168,2,,,1,67,,8165,2,,,1,100,,8162,2,,,1,100,,8166,2,,,1,100,,8163,2,,,1
100001401,'Weekday-25',606,,8177,2,,,1,20,,8188,2,,,1,20,,8176,2,,,1,71,,8187,2,,,1,20,,8181,2,,,1,20,,8184,2,,,1,80,,8185,2,,,1,68,,8186,2,,,1,100,,8182,2,,,1,100,,8175,2,,,1,100,,8203,2,,,1,100,,8202,2,,,1,100,,8183,2,,,1,53,,8206,2,,,1,58,,8189,2,,,1,21,,8196,2,,,1,20,,8204,2,,,1,60,,8178,2,,,1,20,,8205,2,,,1,20,,8191,2,,,1,60,,8180,2,,,1,20,,8193,2,,,1,20,,8201,2,,,1,60,,8179,2,,,1,20,,8190,2,,,1,21,,8192,2,,,1,55,,8199,2,,,1,33,,8200,2,,,1,67,,8197,2,,,1,100,,8194,2,,,1,100,,8198,2,,,1,100,,8195,2,,,1
100001401,'Weekday-26',631,,8211,2,,,1,27,,8207,2,,,1,70,,8208,2,,,1,30,,8209,2,,,1,70,,8210,2,,,1,30,,8215,2,,,1,70,,8216,2,,,1,30,,8213,2,,,1,100,,8214,2,,,1,100,,8224,2,,,1,100,,8212,2,,,1,100,,8227,2,,,1,100,,8217,2,,,1,100,,8218,2,,,1,70,,8219,2,,,1,30,,8220,2,,,1,70,,8223,2,,,1,30,,8221,2,,,1,70,,8222,2,,,1,30,,8230,2,,,1,70,,8231,2,,,1,30,,8225,2,,,1,100,,8228,2,,,1,100,,8226,2,,,1,100,,8229,2,,,1
