20100,'Saturday-21',544,,6664,7,0,5,1,102,,6676,7,0,5,1,100,,6669,7,0,5,1,100,,6680,7,0,5,1,101,,6668,7,0,5,1,100,,6679,7,0,5,1,100,,6672,7,0,5,1,100,,6678,7,0,5,1,100,,6666,7,0,5,1,100,,6675,7,0,5,1,100,,6673,7,0,5,1,100,,6677,7,0,5,1,100,,6671,7,0,5,1,100,,6674,7,0,5,1,98,,6665,7,0,5,1,100,,6682,7,0,5,1,100,,6670,7,0,5,1,100,,6681,7,0,5,1,100,,6667,7,0,5,1
20100,'Saturday-23',544,,5431,7,0,5,1,102,,5443,7,0,5,1,100,,5436,7,0,5,1,100,,5447,7,0,5,1,101,,5435,7,0,5,1,100,,5446,7,0,5,1,100,,5439,7,0,5,1,100,,5445,7,0,5,1,100,,5433,7,0,5,1,100,,5442,7,0,5,1,100,,5440,7,0,5,1,100,,5444,7,0,5,1,100,,5438,7,0,5,1,100,,5441,7,0,5,1,98,,5432,7,0,5,1,100,,5449,7,0,5,1,100,,5437,7,0,5,1,100,,5448,7,0,5,1,100,,5434,7,0,5,1
20100,'Sunday-22',543,,6686,7,0,5,1,100,,6692,7,0,5,1,101,,6684,7,0,5,1,100,,6691,7,0,5,1,100,,6685,7,0,5,1,100,,6695,7,0,5,1,100,,6688,7,0,5,1,100,,6693,7,0,5,1,100,,6687,7,0,5,1,100,,6696,7,0,5,1,100,,6689,7,0,5,1,100,,6694,7,0,5,1,100,,6683,7,0,5,1,100,,6690,7,0,5,1
20100,'Sunday-62',543,,6700,7,0,5,1,100,,6706,7,0,5,1,101,,6698,7,0,5,1,100,,6705,7,0,5,1,100,,6699,7,0,5,1,100,,6709,7,0,5,1,100,,6702,7,0,5,1,100,,6707,7,0,5,1,100,,6701,7,0,5,1,100,,6710,7,0,5,1,100,,6703,7,0,5,1,100,,6708,7,0,5,1,100,,6697,7,0,5,1,100,,6704,7,0,5,1
20100,'Weekday-20',532,,6728,7,0,5,1,70,,6734,7,0,5,1,20,,6738,7,0,5,1,20,,6715,7,0,5,1,61,,6729,7,0,5,1,21,,6741,7,,,1,21,,6735,7,,,1,60,,6739,7,0,5,1,20,,6742,7,,,1,18,,6726,7,,,1,81,,6736,7,,,1,100,,6732,7,,,1,100,,6727,7,,,1,100,,6733,7,,,1,100,,6737,7,0,5,1,100,,6724,7,0,5,1,101,,6716,7,0,5,1,21,,6743,7,0,5,1,79,,6725,7,0,5,1,18,,6740,7,,,1,60,,6711,7,0,5,1,22,,6730,7,,,1,18,,6717,7,0,5,1,60,,6714,7,0,5,1,20,,6719,7,0,5,1,79,,6712,7,0,5,1,100,,6721,7,0,5,1,100,,6722,7,0,5,1,100,,6720,7,0,5,1,100,,6723,7,0,5,1,100,,6718,7,0,5,1
20100,'Weekday-25',532,,6761,7,0,5,1,70,,6765,7,0,5,1,20,,6769,7,0,5,1,20,,6748,7,0,5,1,61,,6762,7,0,5,1,21,,6772,7,,,1,21,,6766,7,,,1,60,,6770,7,0,5,1,20,,6773,7,,,1,18,,6759,7,,,1,81,,6767,7,,,1,100,,6775,7,,,1,100,,6760,7,,,1,100,,6776,7,,,1,100,,6768,7,0,5,1,100,,6757,7,0,5,1,101,,6749,7,0,5,1,21,,6774,7,0,5,1,79,,6758,7,0,5,1,18,,6771,7,,,1,60,,6744,7,0,5,1,22,,6763,7,,,1,18,,6750,7,0,5,1,60,,6747,7,0,5,1,20,,6752,7,0,5,1,79,,6745,7,0,5,1,100,,6754,7,0,5,1,100,,6755,7,0,5,1,100,,6753,7,0,5,1,100,,6756,7,0,5,1,100,,6751,7,0,5,1
20100,'Weekday-26',547,,6779,7,0,5,1,70,,6781,7,0,5,1,30,,6798,7,0,5,1,71,,6778,7,,,1,30,,6780,7,,,1,70,,6799,7,0,5,1,29,,6791,7,0,5,1,100,,6783,7,,,1,100,,6782,7,,,1,100,,6800,7,,,1,100,,6777,7,,,1,100,,6802,7,,,1,100,,6797,7,,,1,101,,6789,7,,,1,70,,6801,7,,,1,30,,6796,7,,,1,70,,6784,7,0,5,1,30,,6790,7,0,5,1,70,,6792,7,0,5,1,29,,6786,7,0,5,1,100,,6794,7,0,5,1,100,,6787,7,0,5,1,100,,6795,7,0,5,1,100,,6785,7,0,5,1,100,,6793,7,0,5,1
20200,'Weekday-20',843,,6955,11,,,1,80,,6959,11,,,1,100,,6940,11,,,1,100,,6956,11,,,1,100,,6938,11,,,1,100,,6960,11,,,1,100,,6957,11,,,1,100,,6954,11,,,1,23,,6944,11,,,1,77,,6953,11,,,1,24,,6943,11,,,1,56,,6942,11,,,1,20,,6951,11,,,1,20,,6941,11,,,1,60,,6961,11,,,1,40,,6947,11,,,1,60,,6952,11,,,1
20200,'Weekday-25',843,,6978,11,,,1,80,,6982,11,,,1,100,,6964,11,,,1,100,,6979,11,,,1,100,,6962,11,,,1,100,,6985,11,,,1,100,,6980,11,,,1,100,,6977,11,,,1,23,,6968,11,,,1,77,,6976,11,,,1,24,,6967,11,,,1,56,,6966,11,,,1,20,,6974,11,,,1,20,,6965,11,,,1,60,,6983,11,,,1,40,,6971,11,,,1,60,,6975,11,,,1
20200,'Weekday-26',848,,6993,11,,,1,100,,6989,11,,,1,100,,6998,11,,,1,100,,6997,11,,,1,100,,6999,11,,,1,100,,6996,11,,,1,100,,7000,11,,,1,100,,6994,11,,,1,70,,7002,11,,,1,32,,6988,11,,,1,68,,6992,11,,,1,30,,7001,11,,,1
20300,'Saturday-21',947,,7069,2,,,1,100,,7074,2,,,1,100,,7070,2,,,1,100,,7075,2,,,1,100,,7071,2,,,1,100,,7076,2,,,1,100,,7072,2,,,1,100,,7077,2,,,1,100,,7073,2,,,1
20300,'Saturday-23',947,,5669,2,,,1,100,,5674,2,,,1,100,,5670,2,,,1,100,,5675,2,,,1,100,,5671,2,,,1,100,,5676,2,,,1,100,,5672,2,,,1,100,,5677,2,,,1,100,,5673,2,,,1
20300,'Weekday-20',623,,7097,7,,,1,20,,7084,7,,,1,60,,7080,7,,,1,40,,7096,7,,,1,60,,7081,7,,,1,40,,7085,7,,,1,80,,7082,7,,,1,100,,7088,7,,,1,100,,7083,7,,,1,100,,7089,7,,,1,100,,7095,7,,,1,100,,7086,7,,,1,100,,7091,7,,,1,23,,7092,7,,,1,77,,7094,7,,,1,22,,7087,7,,,1,58,,7090,7,,,1,20,,7098,7,,,1,20,,7093,7,,,1,60,,7079,7,,,1,20,,7078,7,,,1,80,,7099,7,,,1,99,,7100,2,,,1,100,,7101,2,,,1,100,,7102,2,,,1,100,,7103,2,,,1
20300,'Weekday-25',623,,7116,7,,,1,20,,7110,7,,,1,60,,7106,7,,,1,40,,7115,7,,,1,60,,7107,7,,,1,40,,7123,7,,,1,80,,7108,7,,,1,100,,7124,7,,,1,100,,7109,7,,,1,100,,7125,7,,,1,100,,7114,7,,,1,100,,7128,7,,,1,100,,7127,7,,,1,23,,7111,7,,,1,77,,7113,7,,,1,22,,7129,7,,,1,58,,7126,7,,,1,20,,7117,7,,,1,20,,7112,7,,,1,60,,7105,7,,,1,20,,7104,7,,,1,80,,7118,7,,,1,99,,7119,2,,,1,100,,7120,2,,,1,100,,7121,2,,,1,100,,7122,2,,,1
20300,'Weekday-26',618,,7133,7,,,1,30,,7134,7,,,1,70,,7138,7,,,1,30,,7132,7,,,1,70,,7135,7,,,1,30,,7139,7,,,1,100,,7136,7,,,1,100,,7140,7,,,1,100,,7137,7,,,1,100,,7144,7,,,1,100,,7145,7,,,1,100,,7141,7,,,1,100,,7146,7,,,1,70,,7142,7,,,1,31,,7130,7,,,1,69,,7147,7,,,1,30,,7143,7,,,1,70,,7131,7,,,1,30,,7148,7,,,1,99,,7149,2,,,1,100,,7150,2,,,1,100,,7151,2,,,1,100,,7152,2,,,1,100,,7153,2,,,1
