20101,'Saturday-21',633,,6811,20,,,1,100,,6819,20,,,1,100,,6810,20,,,1,103,,6820,20,,,1,100,,6804,20,,,1,100,,6814,20,,,1,100,,6805,20,,,1,100,,6815,20,,,1,100,,6803,20,,,1,100,,6816,20,,,1,100,,6807,20,,,1,100,,6818,20,,,1,101,,6809,20,,,1,100,,6813,20,,,1,100,,6806,20,,,1,98,,6817,20,,,1,100,,6812,20,,,1,100,,6821,20,,,1,100,,6808,20,,,1
20101,'Saturday-23',633,,5538,20,,,1,100,,5546,20,,,1,100,,5537,20,,,1,103,,5547,20,,,1,100,,5531,20,,,1,100,,5541,20,,,1,100,,5532,20,,,1,100,,5542,20,,,1,100,,5530,20,,,1,100,,5543,20,,,1,100,,5534,20,,,1,100,,5545,20,,,1,101,,5536,20,,,1,100,,5540,20,,,1,100,,5533,20,,,1,98,,5544,20,,,1,100,,5539,20,,,1,100,,5548,20,,,1,100,,5535,20,,,1
20101,'Sunday-22',626,,6825,20,,,1,100,,6835,20,,,1,106,,6824,20,,,1,100,,6834,20,,,1,105,,6826,20,,,1,100,,6833,20,,,1,100,,6827,20,,,1,100,,6832,20,,,1,100,,6828,20,,,1,100,,6831,20,,,1,100,,6823,20,,,1,100,,6830,20,,,1,97,,6822,20,,,1,100,,6829,20,,,1
20101,'Sunday-62',626,,6839,20,,,1,100,,6849,20,,,1,106,,6838,20,,,1,100,,6848,20,,,1,105,,6840,20,,,1,100,,6847,20,,,1,100,,6841,20,,,1,100,,6846,20,,,1,100,,6842,20,,,1,100,,6845,20,,,1,100,,6837,20,,,1,100,,6844,20,,,1,97,,6836,20,,,1,100,,6843,20,,,1
20101,'Weekday-20',619,,6867,20,,,1,30,,6875,20,,,1,65,,6878,20,,,1,20,,6854,20,,,1,71,,6868,20,,,1,104,,6879,20,,,1,101,,6863,20,,,1,100,,6876,20,,,1,100,,6873,20,,,1,98,,6866,20,,,1,99,,6874,20,,,1,16,,6877,20,,,1,86,,6871,20,,,1,19,,6864,20,,,1,19,,6850,20,,,1,59,,6870,20,,,1,21,,6855,20,,,1,18,,6872,20,,,1,62,,6869,20,,,1,22,,6865,20,,,1,26,,6851,20,,,1,56,,6880,20,,,1,25,,6856,20,,,1,23,,6853,20,,,1,62,,6859,20,,,1,27,,6852,20,,,1,100,,6860,20,,,1,100,,6861,20,,,1,100,,6857,20,,,1,100,,6862,20,,,1,100,,6858,20,,,1
20101,'Weekday-25',619,,6900,20,,,1,30,,6903,20,,,1,65,,6906,20,,,1,20,,6887,20,,,1,71,,6901,20,,,1,104,,6907,20,,,1,101,,6896,20,,,1,100,,6904,20,,,1,100,,6910,20,,,1,98,,6899,20,,,1,99,,6911,20,,,1,16,,6905,20,,,1,86,,6909,20,,,1,19,,6897,20,,,1,19,,6883,20,,,1,59,,6902,20,,,1,21,,6888,20,,,1,18,,6882,20,,,1,62,,6881,20,,,1,22,,6898,20,,,1,26,,6884,20,,,1,56,,6908,20,,,1,25,,6889,20,,,1,23,,6886,20,,,1,62,,6892,20,,,1,27,,6885,20,,,1,100,,6893,20,,,1,100,,6894,20,,,1,100,,6890,20,,,1,100,,6895,20,,,1,100,,6891,20,,,1
20101,'Weekday-26',634,,6914,20,,,1,70,,6915,20,,,1,33,,6933,20,,,1,70,,6923,20,,,1,28,,6913,20,,,1,79,,6934,20,,,1,21,,6925,20,,,1,100,,6932,20,,,1,100,,6917,20,,,1,100,,6916,20,,,1,100,,6935,20,,,1,100,,6912,20,,,1,100,,6936,20,,,1,70,,6931,20,,,1,28,,6918,20,,,1,74,,6924,20,,,1,30,,6937,20,,,1,70,,6919,20,,,1,30,,6926,20,,,1,72,,6927,20,,,1,24,,6920,20,,,1,100,,6928,20,,,1,100,,6921,20,,,1,100,,6929,20,,,1,100,,6922,20,,,1,100,,6930,20,,,1
20201,'Weekday-20',713,,7012,9,,,1,20,,7005,9,,,1,80,,7023,9,,,1,97,,7013,9,,,1,101,,7024,9,,,1,100,,7006,9,,,1,100,,7020,9,,,1,100,,7003,9,,,1,99,,7025,9,,,1,20,,7004,9,,,1,78,,7022,9,,,1,21,,7018,9,,,1,20,,7010,9,,,1,60,,7021,9,,,1,21,,7019,9,,,1,20,,7011,9,,,1,62,,7017,9,,,1,22,,7009,9,,,1,21,,7008,9,,,1,57,,7015,9,,,1,20,,7007,9,,,1,18,,7026,9,,,1,73,,7014,9,,,1,25,,7016,9,,,1
20201,'Weekday-25',713,,7036,9,,,1,20,,7029,9,,,1,80,,7047,9,,,1,97,,7037,9,,,1,101,,7048,9,,,1,100,,7030,9,,,1,100,,7044,9,,,1,100,,7027,9,,,1,99,,7050,9,,,1,20,,7028,9,,,1,78,,7046,9,,,1,21,,7042,9,,,1,20,,7034,9,,,1,60,,7045,9,,,1,21,,7043,9,,,1,20,,7035,9,,,1,62,,7041,9,,,1,22,,7033,9,,,1,21,,7032,9,,,1,57,,7039,9,,,1,20,,7031,9,,,1,18,,7049,9,,,1,73,,7038,9,,,1,25,,7040,9,,,1
20201,'Weekday-26',705,,7051,9,,,1,30,,7055,9,,,1,70,,7058,9,,,1,30,,7052,9,,,1,70,,7056,9,,,1,31,,7059,9,,,1,100,,7057,9,,,1,100,,7064,9,,,1,100,,7062,9,,,1,100,,7065,9,,,1,100,,7063,9,,,1,100,,7066,9,,,1,70,,7053,9,,,1,30,,7060,9,,,1,70,,7068,9,,,1,30,,7054,9,,,1,70,,7061,9,,,1,30,,7067,9,,,1
