100000900,'Weekday-20',724,,7884,30,4,,1,23,,7885,30,4,,1,880,,7879,30,4,,1,20,,7882,30,4,,1,61,,7886,30,4,,1,19,,7880,30,4,,1,20,,7883,30,4,,1,61,,7887,30,4,,1,21,,7888,30,4,,1,20,,7881,30,4,,1
100000900,'Weekday-25',724,,7894,30,4,,1,23,,7895,30,4,,1,880,,7891,30,4,,1,20,,7889,30,4,,1,61,,7896,30,4,,1,19,,7892,30,4,,1,20,,7890,30,4,,1,61,,7897,30,4,,1,21,,7898,30,4,,1,20,,7893,30,4,,1
100000900,'Weekday-26',1638,,7901,30,4,,1,70,,7899,30,4,,1,30,,7902,30,4,,1,70,,7900,30,4,,1
100000901,'Weekday-20',554,,7906,1,,,1,60,,7907,1,,,1,20,,7909,1,,,1,20,,7911,1,,,1,60,,7913,1,,,1,20,,7910,1,,,1,20,,7912,1,,,1,60,,7903,1,,,1,820,,7904,1,,,1,20,,7908,1,,,1,60,,7914,1,,,1,20,,7905,1,,,1
100000901,'Weekday-25',554,,7919,1,,,1,60,,7920,1,,,1,20,,7921,1,,,1,20,,7923,1,,,1,60,,7925,1,,,1,20,,7922,1,,,1,20,,7924,1,,,1,60,,7916,1,,,1,820,,7917,1,,,1,20,,7915,1,,,1,60,,7926,1,,,1,20,,7918,1,,,1
100000901,'Weekday-26',550,,7935,1,,,1,70,,7930,1,,,1,30,,7927,1,,,1,70,,7931,1,,,1,30,,7934,1,,,1,900,,7932,1,,,1,70,,7928,1,,,1,30,,7933,1,,,1,70,,7929,1,,,1
100003301,'Saturday-21',621,,8614,10,,,1,100,,8615,10,,,1,100,,8616,10,,,1,100,,8617,10,,,1,100,,8622,10,,,1,100,,8618,10,,,1,100,,8619,10,,,1,100,,8623,10,,,1,100,,8624,10,,,1,100,,8620,10,,,1,100,,8621,10,,,1,100,,8625,10,,,1,100,,8626,10,,,1
100003301,'Saturday-23',621,,6586,10,,,1,100,,6587,10,,,1,100,,6588,10,,,1,100,,6589,10,,,1,100,,6594,10,,,1,100,,6590,10,,,1,100,,6591,10,,,1,100,,6595,10,,,1,100,,6596,10,,,1,100,,6592,10,,,1,100,,6593,10,,,1,100,,6597,10,,,1,100,,6598,10,,,1
100003301,'Weekday-20',858,,8627,10,,,1,100,,8628,10,,,1,100,,8629,10,,,1,101,,8630,10,,,1,98,,8631,10,,,1,100,,8632,10,,,1,100,,8633,10,,,1,55,,8637,10,,,1,45,,8634,10,,,1,67,,8636,10,0,10,1,18,,8642,10,0,10,1,60,,8641,10,0,10,1,22,,8639,10,0,10,1,20,,8638,10,0,10,1,59,,8635,10,0,10,1,20,,8640,10,0,10,1
100003301,'Weekday-25',858,,8643,10,,,1,100,,8644,10,,,1,100,,8645,10,,,1,101,,8646,10,,,1,98,,8647,10,,,1,100,,8648,10,,,1,100,,8649,10,,,1,55,,8653,10,,,1,45,,8650,10,,,1,67,,8652,10,0,10,1,18,,8658,10,0,10,1,60,,8657,10,0,10,1,22,,8655,10,0,10,1,20,,8654,10,0,10,1,59,,8651,10,0,10,1,20,,8656,10,0,10,1
100003301,'Weekday-26',822,,8659,10,,,1,31,,8670,10,,,1,70,,8660,10,,,1,100,,8661,10,,,1,100,,8662,10,,,1,101,,8663,10,,,1,98,,8664,10,,,1,100,,8665,10,,,1,100,,8666,10,,,1,30,,8668,10,,,1,71,,8667,10,,,1,15,,8672,10,0,10,1,65,,8673,10,0,10,1,32,,8671,10,0,10,1,69,,8669,10,0,10,1
