20100,'Saturday-21',531,,6664,3,0,5,1,100,,6676,3,0,5,1,100,,6669,3,0,5,1,100,,6680,3,0,5,1,100,,6668,3,0,5,1,100,,6679,3,0,5,1,100,,6672,3,0,5,1,100,,6678,3,0,5,1,100,,6666,3,0,5,1,100,,6675,3,0,5,1,100,,6673,3,0,5,1,100,,6677,3,0,5,1,100,,6671,3,0,5,1,100,,6674,3,0,5,1,100,,6665,3,0,5,1,100,,6682,3,0,5,1,100,,6670,3,0,5,1,100,,6681,3,0,5,1,100,,6667,3,0,5,1
20100,'Saturday-23',531,,5431,3,0,5,1,100,,5443,3,0,5,1,100,,5436,3,0,5,1,100,,5447,3,0,5,1,100,,5435,3,0,5,1,100,,5446,3,0,5,1,100,,5439,3,0,5,1,100,,5445,3,0,5,1,100,,5433,3,0,5,1,100,,5442,3,0,5,1,100,,5440,3,0,5,1,100,,5444,3,0,5,1,100,,5438,3,0,5,1,100,,5441,3,0,5,1,100,,5432,3,0,5,1,100,,5449,3,0,5,1,100,,5437,3,0,5,1,100,,5448,3,0,5,1,100,,5434,3,0,5,1
20100,'Sunday-22',531,,6686,3,0,5,1,100,,6692,3,0,5,1,100,,6684,3,0,5,1,100,,6691,3,0,5,1,100,,6685,3,0,5,1,100,,6695,3,0,5,1,100,,6688,3,0,5,1,100,,6693,3,0,5,1,100,,6687,3,0,5,1,100,,6696,3,0,5,1,100,,6689,3,0,5,1,100,,6694,3,0,5,1,100,,6683,3,0,5,1,100,,6690,3,0,5,1
20100,'Sunday-62',531,,6700,3,0,5,1,100,,6706,3,0,5,1,100,,6698,3,0,5,1,100,,6705,3,0,5,1,100,,6699,3,0,5,1,100,,6709,3,0,5,1,100,,6702,3,0,5,1,100,,6707,3,0,5,1,100,,6701,3,0,5,1,100,,6710,3,0,5,1,100,,6703,3,0,5,1,100,,6708,3,0,5,1,100,,6697,3,0,5,1,100,,6704,3,0,5,1
20100,'Weekday-20',521,,6728,3,0,5,1,25,,6734,3,0,5,1,60,,6738,3,0,5,1,20,,6715,3,0,5,1,20,,6729,3,0,5,1,60,,6741,3,,,1,20,,6735,3,,,1,20,,6739,3,0,5,1,60,,6742,3,,,1,20,,6726,3,,,1,80,,6736,3,,,1,100,,6732,3,,,1,100,,6727,3,,,1,100,,6733,3,,,1,100,,6737,3,0,5,1,100,,6724,3,0,5,1,100,,6716,3,0,5,1,23,,6743,3,0,5,1,77,,6725,3,0,5,1,22,,6740,3,,,1,18,,6711,3,0,5,1,60,,6730,3,,,1,20,,6717,3,0,5,1,20,,6714,3,0,5,1,60,,6719,3,0,5,1,40,,6712,3,0,5,1,100,,6721,3,0,5,1,100,,6722,3,0,5,1,100,,6720,3,0,5,1,100,,6723,3,0,5,1,100,,6718,3,0,5,1
20100,'Weekday-25',521,,6761,3,0,5,1,25,,6765,3,0,5,1,60,,6769,3,0,5,1,20,,6748,3,0,5,1,20,,6762,3,0,5,1,60,,6772,3,,,1,20,,6766,3,,,1,20,,6770,3,0,5,1,60,,6773,3,,,1,20,,6759,3,,,1,80,,6767,3,,,1,100,,6775,3,,,1,100,,6760,3,,,1,100,,6776,3,,,1,100,,6768,3,0,5,1,100,,6757,3,0,5,1,100,,6749,3,0,5,1,23,,6774,3,0,5,1,77,,6758,3,0,5,1,22,,6771,3,,,1,18,,6744,3,0,5,1,60,,6763,3,,,1,20,,6750,3,0,5,1,20,,6747,3,0,5,1,60,,6752,3,0,5,1,40,,6745,3,0,5,1,100,,6754,3,0,5,1,100,,6755,3,0,5,1,100,,6753,3,0,5,1,100,,6756,3,0,5,1,100,,6751,3,0,5,1
20100,'Weekday-26',531,,6779,3,0,5,1,70,,6781,3,0,5,1,30,,6798,3,0,5,1,70,,6778,3,,,1,30,,6780,3,,,1,70,,6799,3,0,5,1,30,,6791,3,0,5,1,100,,6783,3,,,1,100,,6782,3,,,1,100,,6800,3,,,1,100,,6777,3,,,1,100,,6802,3,,,1,100,,6797,3,,,1,100,,6789,3,,,1,70,,6801,3,,,1,30,,6796,3,,,1,70,,6784,3,0,5,1,30,,6790,3,0,5,1,70,,6792,3,0,5,1,30,,6786,3,0,5,1,100,,6794,3,0,5,1,100,,6787,3,0,5,1,100,,6795,3,0,5,1,100,,6785,3,0,5,1,100,,6793,3,0,5,1
20300,'Weekday-20',606,,7097,3,,,1,20,,7084,3,,,1,20,,7080,3,,,1,80,,7096,3,,,1,20,,7081,3,,,1,80,,7085,3,,,1,80,,7082,3,,,1,100,,7088,3,,,1,100,,7083,3,,,1,100,,7089,3,,,1,100,,7095,3,,,1,100,,7086,3,,,1,100,,7091,3,,,1,23,,7092,3,,,1,77,,7094,3,,,1,22,,7087,3,,,1,18,,7090,3,,,1,60,,7098,3,,,1,20,,7093,3,,,1,20,,7079,3,,,1,60,,7078,3,,,1,40,,7099,3,,,1
20300,'Weekday-25',606,,7116,3,,,1,20,,7110,3,,,1,20,,7106,3,,,1,80,,7115,3,,,1,20,,7107,3,,,1,80,,7123,3,,,1,80,,7108,3,,,1,100,,7124,3,,,1,100,,7109,3,,,1,100,,7125,3,,,1,100,,7114,3,,,1,100,,7128,3,,,1,100,,7127,3,,,1,23,,7111,3,,,1,77,,7113,3,,,1,22,,7129,3,,,1,18,,7126,3,,,1,60,,7117,3,,,1,20,,7112,3,,,1,20,,7105,3,,,1,60,,7104,3,,,1,40,,7118,3,,,1
20300,'Weekday-26',601,,7133,3,,,1,30,,7134,3,,,1,70,,7138,3,,,1,30,,7132,3,,,1,70,,7135,3,,,1,30,,7139,3,,,1,100,,7136,3,,,1,100,,7140,3,,,1,100,,7137,3,,,1,100,,7144,3,,,1,100,,7145,3,,,1,100,,7141,3,,,1,100,,7146,3,,,1,70,,7142,3,,,1,30,,7130,3,,,1,70,,7147,3,,,1,30,,7143,3,,,1,70,,7131,3,,,1,30,,7148,3,,,1
20400,'Weekday-20',707,,7239,2,,,1,100,,7236,2,,,1,98,,7234,2,,,1
20400,'Weekday-25',707,,7244,2,,,1,100,,7245,2,,,1
