100000700,'Saturday-21',631,,7758,4,,,1,100,,7759,4,,,1,100,,7760,4,,,1,100,,7761,4,,,1,100,,7766,4,,,1,100,,7762,4,,,1,100,,7767,4,,,1,100,,7763,4,,,1,100,,7768,4,,,1,100,,7764,4,,,1,100,,7769,4,,,1,100,,7765,4,,,1
100000700,'Saturday-23',631,,6046,4,,,1,100,,6047,4,,,1,100,,6048,4,,,1,100,,6049,4,,,1,100,,6054,4,,,1,100,,6050,4,,,1,100,,6055,4,,,1,100,,6051,4,,,1,100,,6056,4,,,1,100,,6052,4,,,1,100,,6057,4,,,1,100,,6053,4,,,1
100000700,'Weekday-20',658,,7783,4,,,1,60,,7776,4,,,1,20,,7772,4,,,1,20,,7778,4,,,1,80,,7779,4,,,1,100,,7774,4,,,1,100,,7780,4,,,1,100,,7770,4,,,1,100,,7782,4,,,1,100,,7781,4,,,1
100000700,'Weekday-25',658,,7796,4,,,1,60,,7790,4,,,1,20,,7786,4,,,1,20,,7792,4,,,1,80,,7793,4,,,1,100,,7788,4,,,1,100,,7794,4,,,1,100,,7784,4,,,1,100,,7797,4,,,1,100,,7795,4,,,1
100000700,'Weekday-26',700,,7810,4,,,1,30,,7811,4,,,1,70,,7812,4,,,1,30,,7813,4,,,1,70,,7814,4,,,1,100,,7815,4,,,1,100,,7798,4,,,1,100,,7799,4,,,1,100,,7801,4,,,1,100,,7800,4,,,1,100,,7802,4,,,1,30,,7803,4,,,1,70,,7804,4,,,1,30,,7805,4,,,1,70,,7806,4,,,1,30,,7807,4,,,1,70,,7808,4,,,1
100001401,'Saturday-21',703,,8102,4,,,1,100,,8111,4,,,1,100,,8103,4,,,1,100,,8112,4,,,1,100,,8104,4,,,1,100,,8113,4,,,1,100,,8105,4,,,1,100,,8114,4,,,1,100,,8106,4,,,1,100,,8115,4,,,1,100,,8107,4,,,1,100,,8116,4,,,1,100,,8108,4,,,1,100,,8117,4,,,1,100,,8110,4,,,1,55,,8118,4,,,1,100,,8109,4,,,1
100001401,'Saturday-23',703,,6259,4,,,1,100,,6268,4,,,1,100,,6260,4,,,1,100,,6269,4,,,1,100,,6261,4,,,1,100,,6270,4,,,1,100,,6262,4,,,1,100,,6271,4,,,1,100,,6263,4,,,1,100,,6272,4,,,1,100,,6264,4,,,1,100,,6273,4,,,1,100,,6265,4,,,1,100,,6274,4,,,1,100,,6267,4,,,1,55,,6275,4,,,1,100,,6266,4,,,1
100001401,'Sunday-22',703,,8119,4,,,1,100,,8125,4,,,1,100,,8120,4,,,1,100,,8126,4,,,1,100,,8121,4,,,1,100,,8127,4,,,1,100,,8122,4,,,1,100,,8128,4,,,1,100,,8123,4,,,1,100,,8129,4,,,1,100,,8124,4,,,1,100,,8130,4,,,1
100001401,'Sunday-62',703,,8131,4,,,1,100,,8137,4,,,1,100,,8132,4,,,1,100,,8138,4,,,1,100,,8133,4,,,1,100,,8139,4,,,1,100,,8134,4,,,1,100,,8140,4,,,1,100,,8135,4,,,1,100,,8141,4,,,1,100,,8136,4,,,1,100,,8142,4,,,1
100001401,'Weekday-20',608,,8145,4,,,1,20,,8156,4,,,1,20,,8144,4,,,1,71,,8155,4,,,1,20,,8149,4,,,1,20,,8152,4,,,1,80,,8153,4,,,1,68,,8154,4,,,1,100,,8150,4,,,1,100,,8143,4,,,1,100,,8171,4,,,1,100,,8170,4,,,1,100,,8151,4,,,1,93,,8174,4,,,1,18,,8157,4,,,1,21,,8164,4,,,1,20,,8172,4,,,1,60,,8146,4,,,1,20,,8173,4,,,1,20,,8159,4,,,1,60,,8148,4,,,1,20,,8161,4,,,1,20,,8169,4,,,1,60,,8147,4,,,1,20,,8158,4,,,1,61,,8160,4,,,1,15,,8167,4,,,1,33,,8168,4,,,1,67,,8165,4,,,1,100,,8162,4,,,1,100,,8166,4,,,1,100,,8163,4,,,1
100001401,'Weekday-25',608,,8177,4,,,1,20,,8188,4,,,1,20,,8176,4,,,1,71,,8187,4,,,1,20,,8181,4,,,1,20,,8184,4,,,1,80,,8185,4,,,1,68,,8186,4,,,1,100,,8182,4,,,1,100,,8175,4,,,1,100,,8203,4,,,1,100,,8202,4,,,1,100,,8183,4,,,1,93,,8206,4,,,1,18,,8189,4,,,1,21,,8196,4,,,1,20,,8204,4,,,1,60,,8178,4,,,1,20,,8205,4,,,1,20,,8191,4,,,1,60,,8180,4,,,1,20,,8193,4,,,1,20,,8201,4,,,1,60,,8179,4,,,1,20,,8190,4,,,1,61,,8192,4,,,1,15,,8199,4,,,1,33,,8200,4,,,1,67,,8197,4,,,1,100,,8194,4,,,1,100,,8198,4,,,1,100,,8195,4,,,1
100001401,'Weekday-26',700,,8207,4,,,1,30,,8208,4,,,1,70,,8209,4,,,1,30,,8210,4,,,1,70,,8215,4,,,1,30,,8216,4,,,1,70,,8213,4,,,1,100,,8214,4,,,1,100,,8224,4,,,1,100,,8212,4,,,1,100,,8227,4,,,1,100,,8217,4,,,1,100,,8218,4,,,1,30,,8219,4,,,1,70,,8220,4,,,1,30,,8223,4,,,1,70,,8221,4,,,1,30,,8222,4,,,1,70,,8230,4,,,1,30,,8231,4,,,1,70,,8225,4,,,1,100,,8228,4,,,1,100,,8226,4,,,1,100,,8229,4,,,1
