20201,'Weekday-20',727,,7012,13,,,1,20,,7005,13,,,1,80,,7023,13,,,1,97,,7013,13,,,1,100,,7024,13,,,1,100,,7006,13,,,1,100,,7020,13,,,1,100,,7003,13,,,1,100,,7025,13,,,1,20,,7004,13,,,1,78,,7022,13,,,1,25,,7018,13,,,1,60,,7010,13,,,1,20,,7021,13,,,1,20,,7019,13,,,1,60,,7011,13,,,1,20,,7017,13,,,1,21,,7009,13,,,1,61,,7008,13,,,1,17,,7015,13,,,1,20,,7007,13,,,1,58,,7026,13,,,1,33,,7014,13,,,1,65,,7016,13,,,1
20201,'Weekday-25',727,,7036,13,,,1,20,,7029,13,,,1,80,,7047,13,,,1,97,,7037,13,,,1,100,,7048,13,,,1,100,,7030,13,,,1,100,,7044,13,,,1,100,,7027,13,,,1,100,,7050,13,,,1,20,,7028,13,,,1,78,,7046,13,,,1,25,,7042,13,,,1,60,,7034,13,,,1,20,,7045,13,,,1,20,,7043,13,,,1,60,,7035,13,,,1,20,,7041,13,,,1,21,,7033,13,,,1,61,,7032,13,,,1,17,,7039,13,,,1,20,,7031,13,,,1,58,,7049,13,,,1,33,,7038,13,,,1,65,,7040,13,,,1
20201,'Weekday-26',718,,7051,13,,,1,30,,7055,13,,,1,70,,7058,13,,,1,30,,7052,13,,,1,70,,7056,13,,,1,30,,7059,13,,,1,100,,7057,13,,,1,100,,7064,13,,,1,100,,7062,13,,,1,100,,7065,13,,,1,100,,7063,13,,,1,100,,7066,13,,,1,70,,7053,13,,,1,30,,7060,13,,,1,70,,7068,13,,,1,30,,7054,13,,,1,70,,7061,13,,,1,30,,7067,13,,,1
100002100,'Weekday-20',1526,,8234,2,,,1,82,,8236,2,,,1,40,,8235,2,,,1,80,,8233,2,,,1,81,,8232,2,,,1
100002100,'Weekday-25',1526,,8239,2,,,1,82,,8241,2,,,1,40,,8240,2,,,1,80,,8238,2,,,1,81,,8237,2,,,1
100002200,'Weekday-20',634,,8265,2,,,1,116,,8267,2,,,1
100002200,'Weekday-25',634,,8270,2,,,1,116,,8272,2,,,1
100002300,'Weekday-20',1627,,8273,2,,,1,80,,8274,2,,,1,41,,8275,2,,,1
100002300,'Weekday-25',1627,,8278,2,,,1,80,,8276,2,,,1,41,,8277,2,,,1
100003100,'Saturday-21',547,,8309,2,,,1,100,,8310,2,,,1,100,,8311,2,,,1,100,,8312,2,,,1,100,,8317,2,,,1,100,,8313,2,,,1,100,,8318,2,,,1,100,,8314,2,,,1,100,,8319,2,,,1,100,,8315,2,,,1,100,,8320,2,,,1,100,,8316,2,,,1,100,,8321,2,,,1
100003100,'Saturday-23',547,,6380,2,,,1,100,,6381,2,,,1,100,,6382,2,,,1,100,,6383,2,,,1,100,,6388,2,,,1,100,,6384,2,,,1,100,,6389,2,,,1,100,,6385,2,,,1,100,,6390,2,,,1,100,,6386,2,,,1,100,,6391,2,,,1,100,,6387,2,,,1,100,,6392,2,,,1
100003100,'Weekday-20',708,,8323,2,,,1,119,,8325,2,,,1,99,,8326,2,,,1,100,,8327,2,,,1,100,,8328,2,,,1,100,,8329,2,,,1,100,,8330,2,,,1,100,,8331,2,,,1,20,,8324,2,,,1,76,,8332,2,,,1,26,,8322,2,,,1,282,,8333,2,,,1
100003100,'Weekday-25',708,,8336,2,,,1,119,,8338,2,,,1,99,,8339,2,,,1,100,,8340,2,,,1,100,,8341,2,,,1,100,,8342,2,,,1,100,,8343,2,,,1,100,,8344,2,,,1,20,,8337,2,,,1,76,,8345,2,,,1,26,,8335,2,,,1,282,,8334,2,,,1
100003100,'Weekday-26',649,,8356,2,,,1,70,,8347,2,,,1,30,,8357,2,,,1,70,,8346,2,,,1,29,,8353,2,,,1,100,,8354,2,,,1,100,,8355,2,,,1,100,,8352,2,,,1,100,,8350,2,,,1,101,,8358,2,,,1,100,,8359,2,,,1,100,,8360,2,,,1,70,,8348,2,,,1,31,,8361,2,,,1,69,,8349,2,,,1,30,,8351,2,,,1
