20200,'Weekday-20',612,,6945,9,,,1,20,,6939,9,,,1,20,,6950,9,,,1,60,,6958,9,,,1,20,,6949,9,,,1,20,,6948,9,,,1,60,,6946,9,,,1,20,,6955,9,,,1,79,,6959,9,,,1,100,,6940,9,,,1,100,,6956,9,,,1,100,,6938,9,,,1,100,,6960,9,,,1,100,,6957,9,,,1,100,,6954,9,,,1,23,,6944,9,,,1,78,,6953,9,,,1,22,,6943,9,,,1,18,,6942,9,,,1,60,,6951,9,,,1,20,,6941,9,,,1,20,,6961,9,,,1,80,,6947,9,,,1,20,,6952,9,,,1
20200,'Weekday-25',612,,6969,9,,,1,20,,6963,9,,,1,20,,6973,9,,,1,60,,6981,9,,,1,20,,6984,9,,,1,20,,6972,9,,,1,60,,6970,9,,,1,20,,6978,9,,,1,79,,6982,9,,,1,100,,6964,9,,,1,100,,6979,9,,,1,100,,6962,9,,,1,100,,6985,9,,,1,100,,6980,9,,,1,100,,6977,9,,,1,23,,6968,9,,,1,78,,6976,9,,,1,22,,6967,9,,,1,18,,6966,9,,,1,60,,6974,9,,,1,20,,6965,9,,,1,20,,6983,9,,,1,80,,6971,9,,,1,20,,6975,9,,,1
20200,'Weekday-26',608,,6987,9,,,1,30,,6991,9,,,1,70,,6995,9,,,1,30,,6986,9,,,1,70,,6990,9,,,1,30,,6993,9,,,1,100,,6989,9,,,1,100,,6998,9,,,1,100,,6997,9,,,1,100,,6999,9,,,1,100,,6996,9,,,1,100,,7000,9,,,1,100,,6994,9,,,1,70,,7002,9,,,1,30,,6988,9,,,1,70,,6992,9,,,1,30,,7001,9,,,1
100002101,'Weekday-20',708,,8251,34,,,1,23,,8250,34,,,1,19,,8249,34,,,1
100002101,'Weekday-25',708,,8253,34,,,1,23,,8252,34,,,1,19,,8254,34,,,1
100002200,'Weekday-20',552,,8263,20,,,1,59,,8266,20,,,1,20,,8264,20,,,1,21,,8265,28,,,1,158,,8267,28,,,1
100002200,'Weekday-25',552,,8268,20,,,1,59,,8271,20,,,1,20,,8269,20,,,1,21,,8270,28,,,1,158,,8272,28,,,1
100002300,'Weekday-20',1648,,8273,27,,,1,80,,8274,27,,,1,81,,8275,27,,,1
100002300,'Weekday-25',1648,,8278,27,,,1,80,,8276,27,,,1,81,,8277,27,,,1
100003101,'Saturday-21',634,,8362,28,,,1,100,,8363,28,,,1,100,,8364,28,,,1,100,,8365,28,,,1,100,,8370,28,,,1,100,,8366,28,,,1,100,,8371,28,,,1,100,,8367,28,,,1,100,,8372,28,,,1,100,,8368,28,,,1,100,,8373,28,,,1,100,,8369,28,,,1,100,,8374,28,,,1
100003101,'Saturday-23',634,,6418,27,,,1,100,,6419,27,,,1,100,,6420,27,,,1,100,,6421,27,,,1,100,,6426,27,,,1,100,,6422,27,,,1,100,,6427,27,,,1,100,,6423,27,,,1,100,,6428,27,,,1,100,,6424,27,,,1,100,,6429,27,,,1,100,,6425,28,,,1,100,,6430,28,,,1
100003101,'Weekday-20',828,,8386,28,,,1,81,,8378,28,,,1,100,,8379,28,,,1,100,,8380,28,,,1,100,,8381,28,,,1,100,,8382,28,,,1,100,,8383,28,,,1,100,,8384,28,,,1,15,,8375,28,,,1,85,,8385,28,,,1,99,,8376,28,,,1,40,,8387,28,,,1,80,,8377,28,,,1
100003101,'Weekday-25',828,,8399,28,,,1,81,,8391,28,,,1,100,,8392,28,,,1,100,,8393,28,,,1,100,,8394,28,,,1,100,,8395,28,,,1,100,,8396,28,,,1,100,,8397,28,,,1,15,,8388,28,,,1,85,,8398,28,,,1,99,,8389,28,,,1,40,,8400,28,,,1,80,,8390,28,,,1
100003101,'Weekday-26',605,,8420,24,,,1,28,,8415,24,,,1,70,,8403,24,,,1,31,,8407,28,,,1,70,,8401,28,,,1,30,,8408,28,,,1,70,,8402,28,,,1,30,,8409,28,,,1,100,,8410,28,,,1,100,,8411,28,,,1,100,,8412,28,,,1,100,,8416,28,,,1,100,,8417,28,,,1,100,,8418,28,,,1,70,,8404,28,,,1,30,,8419,28,,,1,69,,8405,28,,,1,30,,8413,28,,,1,70,,8406,28,,,1,30,,8414,28,,,1
