20100,'Saturday-21',532,,6664,4,0,5,1,100,,6676,4,0,5,1,101,,6669,4,0,5,1,100,,6680,4,0,5,1,100,,6668,4,0,5,1,100,,6679,4,0,5,1,100,,6672,4,0,5,1,100,,6678,4,0,5,1,100,,6666,4,0,5,1,100,,6675,4,0,5,1,100,,6673,4,0,5,1,100,,6677,4,0,5,1,100,,6671,4,0,5,1,100,,6674,4,0,5,1,100,,6665,4,0,5,1,100,,6682,4,0,5,1,100,,6670,4,0,5,1,100,,6681,4,0,5,1,100,,6667,4,0,5,1
20100,'Saturday-23',532,,5431,4,0,5,1,100,,5443,4,0,5,1,101,,5436,4,0,5,1,100,,5447,4,0,5,1,100,,5435,4,0,5,1,100,,5446,4,0,5,1,100,,5439,4,0,5,1,100,,5445,4,0,5,1,100,,5433,4,0,5,1,100,,5442,4,0,5,1,100,,5440,4,0,5,1,100,,5444,4,0,5,1,100,,5438,4,0,5,1,100,,5441,4,0,5,1,100,,5432,4,0,5,1,100,,5449,4,0,5,1,100,,5437,4,0,5,1,100,,5448,4,0,5,1,100,,5434,4,0,5,1
20100,'Sunday-22',532,,6686,4,0,5,1,100,,6692,4,0,5,1,101,,6684,4,0,5,1,100,,6691,4,0,5,1,100,,6685,4,0,5,1,100,,6695,4,0,5,1,100,,6688,4,0,5,1,100,,6693,4,0,5,1,100,,6687,4,0,5,1,100,,6696,4,0,5,1,100,,6689,4,0,5,1,100,,6694,4,0,5,1,100,,6683,4,0,5,1,100,,6690,4,0,5,1
20100,'Sunday-62',532,,6700,4,0,5,1,100,,6706,4,0,5,1,101,,6698,4,0,5,1,100,,6705,4,0,5,1,100,,6699,4,0,5,1,100,,6709,4,0,5,1,100,,6702,4,0,5,1,100,,6707,4,0,5,1,100,,6701,4,0,5,1,100,,6710,4,0,5,1,100,,6703,4,0,5,1,100,,6708,4,0,5,1,100,,6697,4,0,5,1,100,,6704,4,0,5,1
20100,'Weekday-20',523,,6728,4,0,5,1,25,,6734,4,0,5,1,60,,6738,4,0,5,1,20,,6715,4,0,5,1,20,,6729,4,0,5,1,60,,6741,4,,,1,20,,6735,4,,,1,20,,6739,4,0,5,1,60,,6742,4,,,1,20,,6726,4,,,1,80,,6736,4,,,1,100,,6732,4,,,1,100,,6727,4,,,1,100,,6733,4,,,1,100,,6737,4,0,5,1,100,,6724,4,0,5,1,100,,6716,4,0,5,1,23,,6743,4,0,5,1,77,,6725,4,0,5,1,22,,6740,4,,,1,18,,6711,4,0,5,1,60,,6730,4,,,1,20,,6717,4,0,5,1,20,,6714,4,0,5,1,60,,6719,4,0,5,1,40,,6712,4,0,5,1,101,,6721,4,0,5,1,100,,6722,4,0,5,1,100,,6720,4,0,5,1,100,,6723,4,0,5,1,100,,6718,4,0,5,1
20100,'Weekday-25',523,,6761,4,0,5,1,25,,6765,4,0,5,1,60,,6769,4,0,5,1,20,,6748,4,0,5,1,20,,6762,4,0,5,1,60,,6772,4,,,1,20,,6766,4,,,1,20,,6770,4,0,5,1,60,,6773,4,,,1,20,,6759,4,,,1,80,,6767,4,,,1,100,,6775,4,,,1,100,,6760,4,,,1,100,,6776,4,,,1,100,,6768,4,0,5,1,100,,6757,4,0,5,1,100,,6749,4,0,5,1,23,,6774,4,0,5,1,77,,6758,4,0,5,1,22,,6771,4,,,1,18,,6744,4,0,5,1,60,,6763,4,,,1,20,,6750,4,0,5,1,20,,6747,4,0,5,1,60,,6752,4,0,5,1,40,,6745,4,0,5,1,101,,6754,4,0,5,1,100,,6755,4,0,5,1,100,,6753,4,0,5,1,100,,6756,4,0,5,1,100,,6751,4,0,5,1
20100,'Weekday-26',534,,6779,4,0,5,1,70,,6781,4,0,5,1,30,,6798,4,0,5,1,70,,6778,4,,,1,30,,6780,4,,,1,70,,6799,4,0,5,1,30,,6791,4,0,5,1,100,,6783,4,,,1,100,,6782,4,,,1,100,,6800,4,,,1,100,,6777,4,,,1,100,,6802,4,,,1,100,,6797,4,,,1,100,,6789,4,,,1,70,,6801,4,,,1,30,,6796,4,,,1,70,,6784,4,0,5,1,30,,6790,4,0,5,1,70,,6792,4,0,5,1,30,,6786,4,0,5,1,100,,6794,4,0,5,1,100,,6787,4,0,5,1,100,,6795,4,0,5,1,100,,6785,4,0,5,1,100,,6793,4,0,5,1
20300,'Weekday-20',609,,7097,4,,,1,20,,7084,4,,,1,20,,7080,4,,,1,80,,7096,4,,,1,20,,7081,4,,,1,80,,7085,4,,,1,80,,7082,4,,,1,100,,7088,4,,,1,100,,7083,4,,,1,100,,7089,4,,,1,100,,7095,4,,,1,100,,7086,4,,,1,100,,7091,4,,,1,23,,7092,4,,,1,77,,7094,4,,,1,22,,7087,4,,,1,18,,7090,4,,,1,60,,7098,4,,,1,20,,7093,4,,,1,20,,7079,4,,,1,60,,7078,4,,,1,40,,7099,4,,,1
20300,'Weekday-25',609,,7116,4,,,1,20,,7110,4,,,1,20,,7106,4,,,1,80,,7115,4,,,1,20,,7107,4,,,1,80,,7123,4,,,1,80,,7108,4,,,1,100,,7124,4,,,1,100,,7109,4,,,1,100,,7125,4,,,1,100,,7114,4,,,1,100,,7128,4,,,1,100,,7127,4,,,1,23,,7111,4,,,1,77,,7113,4,,,1,22,,7129,4,,,1,18,,7126,4,,,1,60,,7117,4,,,1,20,,7112,4,,,1,20,,7105,4,,,1,60,,7104,4,,,1,40,,7118,4,,,1
20300,'Weekday-26',604,,7133,4,,,1,30,,7134,4,,,1,70,,7138,4,,,1,30,,7132,4,,,1,70,,7135,4,,,1,30,,7139,4,,,1,100,,7136,4,,,1,100,,7140,4,,,1,100,,7137,4,,,1,100,,7144,4,,,1,100,,7145,4,,,1,100,,7141,4,,,1,100,,7146,4,,,1,70,,7142,4,,,1,30,,7130,4,,,1,70,,7147,4,,,1,30,,7143,4,,,1,70,,7131,4,,,1,30,,7148,4,,,1
20400,'Weekday-20',710,,7239,3,,,1,100,,7236,3,,,1,98,,7234,3,,,1
20400,'Weekday-25',710,,7244,3,,,1,100,,7245,3,,,1
