100000400,'Saturday-21',643,,7456,24,,,1,100,,7449,24,,,1,100,,7457,24,,,1,100,,7450,24,,,1,100,,7453,24,,,1,100,,7458,24,,,1,100,,7451,24,,,1,100,,7454,24,,,1,100,,7459,24,,,1,100,,7452,24,,,1,100,,7455,24,,,1,100,,7460,24,,,1
100000400,'Saturday-23',643,,5857,24,,,1,100,,5850,24,,,1,100,,5858,24,,,1,100,,5851,24,,,1,100,,5854,24,,,1,100,,5859,24,,,1,100,,5852,24,,,1,100,,5855,24,,,1,100,,5860,24,,,1,100,,5853,24,,,1,100,,5856,24,,,1,100,,5861,24,,,1
100000400,'Weekday-20',551,,7482,1,,,1,60,,7468,1,,,1,20,,7473,1,,,1,20,,7477,1,,,1,7,,7469,24,,,1,73,,7470,24,,,1,20,,7463,24,,,1,60,,7471,24,,,1,39,,7472,24,,,1,70,,7461,24,,,1,100,,7475,24,,,1,100,,7476,24,,,1,100,,7464,24,,,1,101,,7465,24,,,1,29,,7466,24,,,1,99,,7480,24,,,1,63,,7481,24,,,1,36,,7474,24,,,1,62,,7478,24,,,1,19,,7462,24,,,1,20,,7479,24,,,1,61,,7484,24,,,1,16,,7483,24,,,1,20,,7485,24,,,1,63,,7467,24,,,1,21,,7486,24,,,1
100000400,'Weekday-25',551,,7507,1,,,1,60,,7494,1,,,1,20,,7499,1,,,1,20,,7503,1,,,1,7,,7495,24,,,1,73,,7496,24,,,1,20,,7489,24,,,1,60,,7497,24,,,1,39,,7498,24,,,1,70,,7487,24,,,1,100,,7501,24,,,1,100,,7502,24,,,1,100,,7490,24,,,1,101,,7491,24,,,1,29,,7492,24,,,1,99,,7512,24,,,1,63,,7506,24,,,1,36,,7500,24,,,1,62,,7504,24,,,1,19,,7488,24,,,1,20,,7505,24,,,1,61,,7509,24,,,1,16,,7508,24,,,1,20,,7510,24,,,1,63,,7493,24,,,1,21,,7511,24,,,1
100000400,'Weekday-26',712,,7522,24,,,1,31,,7523,24,,,1,70,,7524,24,,,1,28,,7525,24,,,1,103,,7521,24,,,1,100,,7518,24,,,1,100,,7519,24,,,1,100,,7526,24,,,1,101,,7520,24,,,1,100,,7527,24,,,1,67,,7528,24,,,1,97,,7513,24,,,1,31,,7514,24,,,1,71,,7515,24,,,1,26,,7516,24,,,1,72,,7517,24,,,1
100000600,'Saturday-21',554,,7613,11,,,1,100,,7614,11,,,1,100,,7615,11,,,1,100,,7616,11,,,1,100,,7617,11,,,1,100,,7618,11,,,1,100,,7619,11,,,1,100,,7620,11,,,1,100,,7621,11,,,1,100,,7622,11,,,1,100,,7623,11,,,1,100,,7624,11,,,1,100,,7625,11,,,1
100000600,'Saturday-23',554,,5952,11,,,1,100,,5953,11,,,1,100,,5954,11,,,1,100,,5955,11,,,1,100,,5956,11,,,1,100,,5957,11,,,1,100,,5958,11,,,1,100,,5959,11,,,1,100,,5960,11,,,1,100,,5961,11,,,1,100,,5962,11,,,1,100,,5963,11,,,1,100,,5964,11,,,1
100000600,'Weekday-20',544,,7628,11,,,1,60,,7627,11,,,1,20,,7629,11,,,1,20,,7635,11,,,1,60,,7631,11,,,1,20,,7634,11,,,1,18,,7630,11,,,1,60,,7639,11,,,1,40,,7648,11,,,1,100,,7636,11,,,1,100,,7626,11,,,1,100,,7633,11,,,1,100,,7637,11,,,1,100,,7647,11,,,1,100,,7638,11,,,1,60,,7632,11,,,1,40,,7640,11,,,1,60,,7649,11,,,1,20,,7644,11,,,1,20,,7641,11,,,1,60,,7642,11,,,1,20,,7646,11,,,1,20,,7645,11,,,1,80,,7643,11,,,1
100000600,'Weekday-25',544,,7652,11,,,1,60,,7651,11,,,1,20,,7653,11,,,1,20,,7659,11,,,1,60,,7655,11,,,1,20,,7658,11,,,1,18,,7654,11,,,1,60,,7663,11,,,1,40,,7672,11,,,1,100,,7660,11,,,1,100,,7650,11,,,1,100,,7657,11,,,1,100,,7661,11,,,1,100,,7671,11,,,1,100,,7662,11,,,1,60,,7656,11,,,1,40,,7664,11,,,1,60,,7673,11,,,1,20,,7668,11,,,1,20,,7665,11,,,1,60,,7666,11,,,1,20,,7670,11,,,1,20,,7669,11,,,1,80,,7667,11,,,1
100000600,'Weekday-26',538,,7688,11,,,1,70,,7689,11,,,1,30,,7686,11,,,1,70,,7682,11,,,1,30,,7687,11,,,1,70,,7683,11,,,1,100,,7684,11,,,1,100,,7690,11,,,1,100,,7685,11,,,1,100,,7691,11,,,1,100,,7680,11,,,1,100,,7692,11,,,1,100,,7681,11,,,1,30,,7676,11,,,1,70,,7677,11,,,1,30,,7674,11,,,1,70,,7678,11,,,1,30,,7675,11,,,1,70,,7679,11,,,1
