20101,'Saturday-21',630,,6811,16,,,1,100,,6819,16,,,1,100,,6810,16,,,1,103,,6820,16,,,1,100,,6804,16,,,1,100,,6814,16,,,1,100,,6805,16,,,1,100,,6815,16,,,1,100,,6803,16,,,1,100,,6816,16,,,1,100,,6807,16,,,1,100,,6818,16,,,1,101,,6809,16,,,1,100,,6813,16,,,1,100,,6806,16,,,1,98,,6817,16,,,1,100,,6812,16,,,1,100,,6821,16,,,1,100,,6808,16,,,1
20101,'Saturday-23',630,,5538,16,,,1,100,,5546,16,,,1,100,,5537,16,,,1,103,,5547,16,,,1,100,,5531,16,,,1,100,,5541,16,,,1,100,,5532,16,,,1,100,,5542,16,,,1,100,,5530,16,,,1,100,,5543,16,,,1,100,,5534,16,,,1,100,,5545,16,,,1,101,,5536,16,,,1,100,,5540,16,,,1,100,,5533,16,,,1,98,,5544,16,,,1,100,,5539,16,,,1,100,,5548,16,,,1,100,,5535,16,,,1
20101,'Sunday-22',623,,6825,16,,,1,100,,6835,16,,,1,106,,6824,16,,,1,100,,6834,16,,,1,104,,6826,16,,,1,100,,6833,16,,,1,100,,6827,16,,,1,100,,6832,16,,,1,100,,6828,16,,,1,100,,6831,16,,,1,100,,6823,16,,,1,100,,6830,16,,,1,98,,6822,16,,,1,100,,6829,16,,,1
20101,'Sunday-62',623,,6839,16,,,1,100,,6849,16,,,1,106,,6838,16,,,1,100,,6848,16,,,1,104,,6840,16,,,1,100,,6847,16,,,1,100,,6841,16,,,1,100,,6846,16,,,1,100,,6842,16,,,1,100,,6845,16,,,1,100,,6837,16,,,1,100,,6844,16,,,1,98,,6836,16,,,1,100,,6843,16,,,1
20101,'Weekday-20',615,,6867,16,,,1,30,,6875,16,,,1,65,,6878,16,,,1,21,,6854,16,,,1,27,,6868,16,,,1,147,,6879,16,,,1,102,,6863,16,,,1,100,,6876,16,,,1,100,,6873,16,,,1,96,,6866,16,,,1,100,,6874,16,,,1,13,,6877,16,,,1,89,,6871,16,,,1,17,,6864,16,,,1,19,,6850,16,,,1,18,,6870,16,,,1,62,,6855,16,,,1,17,,6872,16,,,1,63,,6869,16,,,1,22,,6865,16,,,1,29,,6851,16,,,1,55,,6880,16,,,1,26,,6856,16,,,1,22,,6853,16,,,1,62,,6859,16,,,1,27,,6852,16,,,1,100,,6860,16,,,1,100,,6861,16,,,1,100,,6857,16,,,1,100,,6862,16,,,1,100,,6858,16,,,1
20101,'Weekday-25',615,,6900,16,,,1,30,,6903,16,,,1,65,,6906,16,,,1,21,,6887,16,,,1,27,,6901,16,,,1,147,,6907,16,,,1,102,,6896,16,,,1,100,,6904,16,,,1,100,,6910,16,,,1,96,,6899,16,,,1,100,,6911,16,,,1,13,,6905,16,,,1,89,,6909,16,,,1,17,,6897,16,,,1,19,,6883,16,,,1,18,,6902,16,,,1,62,,6888,16,,,1,17,,6882,16,,,1,63,,6881,16,,,1,22,,6898,16,,,1,29,,6884,16,,,1,55,,6908,16,,,1,26,,6889,16,,,1,22,,6886,16,,,1,62,,6892,16,,,1,27,,6885,16,,,1,100,,6893,16,,,1,100,,6894,16,,,1,100,,6890,16,,,1,100,,6895,16,,,1,100,,6891,16,,,1
20101,'Weekday-26',630,,6914,16,,,1,70,,6915,16,,,1,34,,6933,16,,,1,71,,6923,16,,,1,27,,6913,16,,,1,79,,6934,16,,,1,21,,6925,16,,,1,100,,6932,16,,,1,100,,6917,16,,,1,100,,6916,16,,,1,100,,6935,16,,,1,100,,6912,16,,,1,100,,6936,16,,,1,70,,6931,16,,,1,26,,6918,16,,,1,76,,6924,16,,,1,30,,6937,16,,,1,71,,6919,16,,,1,30,,6926,16,,,1,73,,6927,16,,,1,21,,6920,16,,,1,100,,6928,16,,,1,100,,6921,16,,,1,100,,6929,16,,,1,100,,6922,16,,,1,100,,6930,16,,,1
20201,'Weekday-20',709,,7012,5,,,1,20,,7005,5,,,1,81,,7023,5,,,1,96,,7013,5,,,1,102,,7024,5,,,1,100,,7006,5,,,1,100,,7020,5,,,1,100,,7003,5,,,1,99,,7025,5,,,1,19,,7004,5,,,1,78,,7022,5,,,1,20,,7018,5,,,1,19,,7010,5,,,1,60,,7021,5,,,1,22,,7019,5,,,1,19,,7011,5,,,1,64,,7017,5,,,1,23,,7009,5,,,1,20,,7008,5,,,1,58,,7015,5,,,1,20,,7007,5,,,1,18,,7026,5,,,1,73,,7014,5,,,1,25,,7016,5,,,1
20201,'Weekday-25',709,,7036,5,,,1,20,,7029,5,,,1,81,,7047,5,,,1,96,,7037,5,,,1,102,,7048,5,,,1,100,,7030,5,,,1,100,,7044,5,,,1,100,,7027,5,,,1,99,,7050,5,,,1,19,,7028,5,,,1,78,,7046,5,,,1,20,,7042,5,,,1,19,,7034,5,,,1,60,,7045,5,,,1,22,,7043,5,,,1,19,,7035,5,,,1,64,,7041,5,,,1,23,,7033,5,,,1,20,,7032,5,,,1,58,,7039,5,,,1,20,,7031,5,,,1,18,,7049,5,,,1,73,,7038,5,,,1,25,,7040,5,,,1
20201,'Weekday-26',702,,7051,5,,,1,30,,7055,5,,,1,70,,7058,5,,,1,30,,7052,5,,,1,69,,7056,5,,,1,32,,7059,5,,,1,100,,7057,5,,,1,100,,7064,5,,,1,100,,7062,5,,,1,100,,7065,5,,,1,100,,7063,5,,,1,100,,7066,5,,,1,70,,7053,5,,,1,30,,7060,5,,,1,70,,7068,5,,,1,29,,7054,5,,,1,70,,7061,5,,,1,30,,7067,5,,,1
