20100,'Saturday-21',602,,6664,20,4,,1,102,,6676,20,4,,1,103,,6669,20,4,,1,100,,6680,20,4,,1,101,,6668,20,4,,1,100,,6679,20,4,,1,100,,6672,20,4,,1,100,,6678,20,4,,1,100,,6666,20,4,,1,100,,6675,20,4,,1,100,,6673,20,4,,1,100,,6677,20,4,,1,100,,6671,20,4,,1,100,,6674,20,4,,1,99,,6665,20,4,,1,100,,6682,20,4,,1,100,,6670,20,4,,1,100,,6681,20,4,,1,100,,6667,20,4,,1
20100,'Saturday-23',602,,5431,20,4,,1,102,,5443,20,4,,1,103,,5436,20,4,,1,100,,5447,20,4,,1,101,,5435,20,4,,1,100,,5446,20,4,,1,100,,5439,20,4,,1,100,,5445,20,4,,1,100,,5433,20,4,,1,100,,5442,20,4,,1,100,,5440,20,4,,1,100,,5444,20,4,,1,100,,5438,20,4,,1,100,,5441,20,4,,1,99,,5432,20,4,,1,100,,5449,20,4,,1,100,,5437,20,4,,1,100,,5448,20,4,,1,100,,5434,20,4,,1
20100,'Sunday-22',601,,6686,20,4,,1,100,,6692,20,4,,1,106,,6684,20,4,,1,100,,6691,20,4,,1,100,,6685,20,4,,1,100,,6695,20,4,,1,100,,6688,20,4,,1,100,,6693,20,4,,1,100,,6687,20,4,,1,100,,6696,20,4,,1,100,,6689,20,4,,1,100,,6694,20,4,,1,100,,6683,20,4,,1,100,,6690,20,4,,1
20100,'Sunday-62',601,,6700,20,4,,1,100,,6706,20,4,,1,106,,6698,20,4,,1,100,,6705,20,4,,1,100,,6699,20,4,,1,100,,6709,20,4,,1,100,,6702,20,4,,1,100,,6707,20,4,,1,100,,6701,20,4,,1,100,,6710,20,4,,1,100,,6703,20,4,,1,100,,6708,20,4,,1,100,,6697,20,4,,1,100,,6704,20,4,,1
20100,'Weekday-20',551,,6728,20,4,,1,70,,6734,20,4,,1,20,,6738,20,4,,1,60,,6715,20,4,,1,20,,6729,20,4,,1,30,,6741,20,,,1,64,,6735,20,,,1,20,,6739,20,4,,1,20,,6742,20,,,1,50,,6726,20,,,1,40,,6736,20,,,1,100,,6732,20,,,1,100,,6727,20,,,1,100,,6733,20,,,1,100,,6737,20,4,,1,107,,6724,20,4,,1,57,,6713,5,4,,1,18,,6731,5,4,,1,25,,6716,20,4,,1,66,,6743,20,4,,1,35,,6725,20,4,,1,54,,6740,20,,,1,22,,6711,20,4,,1,20,,6730,20,,,1,58,,6717,20,4,,1,24,,6714,20,4,,1,20,,6719,20,4,,1,70,,6712,20,4,,1,100,,6721,20,4,,1,100,,6722,20,4,,1,100,,6720,20,4,,1,100,,6723,20,4,,1,100,,6718,20,4,,1
20100,'Weekday-25',551,,6761,20,4,,1,70,,6765,20,4,,1,20,,6769,20,4,,1,60,,6748,20,4,,1,20,,6762,20,4,,1,30,,6772,20,,,1,64,,6766,20,,,1,20,,6770,20,4,,1,20,,6773,20,,,1,50,,6759,20,,,1,40,,6767,20,,,1,100,,6775,20,,,1,100,,6760,20,,,1,100,,6776,20,,,1,100,,6768,20,4,,1,107,,6757,20,4,,1,57,,6746,5,4,,1,18,,6764,5,4,,1,25,,6749,20,4,,1,66,,6774,20,4,,1,35,,6758,20,4,,1,54,,6771,20,,,1,22,,6744,20,4,,1,20,,6763,20,,,1,58,,6750,20,4,,1,24,,6747,20,4,,1,20,,6752,20,4,,1,70,,6745,20,4,,1,100,,6754,20,4,,1,100,,6755,20,4,,1,100,,6753,20,4,,1,100,,6756,20,4,,1,100,,6751,20,4,,1
20100,'Weekday-26',606,,6779,20,4,,1,30,,6781,20,4,,1,70,,6798,20,4,,1,30,,6778,20,,,1,73,,6780,20,,,1,33,,6799,20,4,,1,65,,6791,20,4,,1,101,,6783,20,,,1,100,,6782,20,,,1,99,,6800,20,,,1,100,,6777,20,,,1,100,,6802,20,,,1,101,,6797,20,,,1,51,,6788,5,4,,1,52,,6789,20,,,1,30,,6801,20,,,1,71,,6796,20,,,1,30,,6784,20,4,,1,70,,6790,20,4,,1,34,,6792,20,4,,1,60,,6786,20,4,,1,100,,6794,20,4,,1,100,,6787,20,4,,1,100,,6795,20,4,,1,100,,6785,20,4,,1,100,,6793,20,4,,1
20101,'Saturday-21',608,,6811,1,,,1,100,,6819,1,,,1,100,,6810,1,,,1,100,,6820,1,,,1,100,,6804,1,,,1,100,,6814,1,,,1,100,,6805,1,,,1,100,,6815,1,,,1,100,,6803,1,,,1,100,,6816,1,,,1,100,,6807,1,,,1,100,,6818,1,,,1,102,,6809,1,,,1,100,,6813,1,,,1,100,,6806,1,,,1,100,,6817,1,,,1,100,,6812,1,,,1,100,,6821,1,,,1,100,,6808,1,,,1
20101,'Saturday-23',608,,5538,1,,,1,100,,5546,1,,,1,100,,5537,1,,,1,100,,5547,1,,,1,100,,5531,1,,,1,100,,5541,1,,,1,100,,5532,1,,,1,100,,5542,1,,,1,100,,5530,1,,,1,100,,5543,1,,,1,100,,5534,1,,,1,100,,5545,1,,,1,102,,5536,1,,,1,100,,5540,1,,,1,100,,5533,1,,,1,100,,5544,1,,,1,100,,5539,1,,,1,100,,5548,1,,,1,100,,5535,1,,,1
20101,'Sunday-22',601,,6825,1,,,1,100,,6835,1,,,1,106,,6824,1,,,1,100,,6834,1,,,1,100,,6826,1,,,1,100,,6833,1,,,1,100,,6827,1,,,1,100,,6832,1,,,1,100,,6828,1,,,1,100,,6831,1,,,1,100,,6823,1,,,1,100,,6830,1,,,1,100,,6822,1,,,1,100,,6829,1,,,1
20101,'Sunday-62',601,,6839,1,,,1,100,,6849,1,,,1,106,,6838,1,,,1,100,,6848,1,,,1,100,,6840,1,,,1,100,,6847,1,,,1,100,,6841,1,,,1,100,,6846,1,,,1,100,,6842,1,,,1,100,,6845,1,,,1,100,,6837,1,,,1,100,,6844,1,,,1,100,,6836,1,,,1,100,,6843,1,,,1
20101,'Weekday-20',551,,6867,1,,,1,70,,6875,1,,,1,20,,6878,1,,,1,60,,6854,1,,,1,24,,6868,1,,,1,110,,6879,1,,,1,108,,6863,1,,,1,100,,6876,1,,,1,100,,6873,1,,,1,95,,6866,1,,,1,99,,6874,1,,,1,10,,6877,1,,,1,93,,6871,1,,,1,14,,6864,1,,,1,55,,6850,1,,,1,18,,6870,1,,,1,25,,6855,1,,,1,56,,6872,1,,,1,23,,6869,1,,,1,22,,6865,1,,,1,76,,6851,1,,,1,12,,6880,1,,,1,66,,6856,1,,,1,24,,6853,1,,,1,20,,6859,1,,,1,70,,6852,1,,,1,100,,6860,1,,,1,100,,6861,1,,,1,100,,6857,1,,,1,100,,6862,1,,,1,100,,6858,1,,,1
20101,'Weekday-25',551,,6900,1,,,1,70,,6903,1,,,1,20,,6906,1,,,1,60,,6887,1,,,1,24,,6901,1,,,1,110,,6907,1,,,1,108,,6896,1,,,1,100,,6904,1,,,1,100,,6910,1,,,1,95,,6899,1,,,1,99,,6911,1,,,1,10,,6905,1,,,1,93,,6909,1,,,1,14,,6897,1,,,1,55,,6883,1,,,1,18,,6902,1,,,1,25,,6888,1,,,1,56,,6882,1,,,1,23,,6881,1,,,1,22,,6898,1,,,1,76,,6884,1,,,1,12,,6908,1,,,1,66,,6889,1,,,1,24,,6886,1,,,1,20,,6892,1,,,1,70,,6885,1,,,1,100,,6893,1,,,1,100,,6894,1,,,1,100,,6890,1,,,1,100,,6895,1,,,1,100,,6891,1,,,1
20101,'Weekday-26',606,,6914,1,,,1,30,,6915,1,,,1,70,,6933,1,,,1,26,,6923,1,,,1,72,,6913,1,,,1,38,,6934,1,,,1,65,,6925,1,,,1,97,,6932,1,,,1,100,,6917,1,,,1,100,,6916,1,,,1,100,,6935,1,,,1,100,,6912,1,,,1,100,,6936,1,,,1,29,,6931,1,,,1,26,,6918,1,,,1,79,,6924,1,,,1,70,,6937,1,,,1,34,,6919,1,,,1,70,,6926,1,,,1,34,,6927,1,,,1,60,,6920,1,,,1,100,,6928,1,,,1,100,,6921,1,,,1,100,,6929,1,,,1,100,,6922,1,,,1,100,,6930,1,,,1
21100,'Weekday-20',704,,7384,5,,,1,19,,7385,5,,,1,25,,7383,5,,,1
21100,'Weekday-25',704,,7387,5,,,1,19,,7388,5,,,1,25,,7386,5,,,1
21101,'Weekday-20',1522,,7389,1,,,1,80,,7391,1,,,1,20,,7393,1,,,1,14,,7390,1,,,1,66,,7392,1,,,1
21101,'Weekday-25',1522,,7394,1,,,1,80,,7398,1,,,1,20,,7397,1,,,1,14,,7396,1,,,1,66,,7395,1,,,1
