20100,'Saturday-21',548,,6664,12,0,5,1,102,,6676,12,0,5,1,100,,6669,12,0,5,1,100,,6680,12,0,5,1,101,,6668,12,0,5,1,100,,6679,12,0,5,1,100,,6672,12,0,5,1,100,,6678,12,0,5,1,100,,6666,12,0,5,1,100,,6675,12,0,5,1,100,,6673,12,0,5,1,100,,6677,12,0,5,1,100,,6671,12,0,5,1,100,,6674,12,0,5,1,98,,6665,12,0,5,1,100,,6682,12,0,5,1,100,,6670,12,0,5,1,100,,6681,12,0,5,1,100,,6667,12,0,5,1
20100,'Saturday-23',548,,5431,12,0,5,1,102,,5443,12,0,5,1,100,,5436,12,0,5,1,100,,5447,12,0,5,1,101,,5435,12,0,5,1,100,,5446,12,0,5,1,100,,5439,12,0,5,1,100,,5445,12,0,5,1,100,,5433,12,0,5,1,100,,5442,12,0,5,1,100,,5440,12,0,5,1,100,,5444,12,0,5,1,100,,5438,12,0,5,1,100,,5441,12,0,5,1,98,,5432,12,0,5,1,100,,5449,12,0,5,1,100,,5437,12,0,5,1,100,,5448,12,0,5,1,100,,5434,12,0,5,1
20100,'Sunday-22',547,,6686,12,0,5,1,100,,6692,12,0,5,1,102,,6684,12,0,5,1,100,,6691,12,0,5,1,100,,6685,12,0,5,1,100,,6695,12,0,5,1,100,,6688,12,0,5,1,100,,6693,12,0,5,1,100,,6687,12,0,5,1,100,,6696,12,0,5,1,100,,6689,12,0,5,1,100,,6694,12,0,5,1,100,,6683,12,0,5,1,100,,6690,12,0,5,1
20100,'Sunday-62',547,,6700,12,0,5,1,100,,6706,12,0,5,1,102,,6698,12,0,5,1,100,,6705,12,0,5,1,100,,6699,12,0,5,1,100,,6709,12,0,5,1,100,,6702,12,0,5,1,100,,6707,12,0,5,1,100,,6701,12,0,5,1,100,,6710,12,0,5,1,100,,6703,12,0,5,1,100,,6708,12,0,5,1,100,,6697,12,0,5,1,100,,6704,12,0,5,1
20100,'Weekday-20',536,,6728,12,0,5,1,70,,6734,12,0,5,1,20,,6738,12,0,5,1,20,,6715,12,0,5,1,61,,6729,12,0,5,1,22,,6741,12,,,1,22,,6735,12,,,1,60,,6739,12,0,5,1,20,,6742,12,,,1,17,,6726,12,,,1,79,,6736,12,,,1,100,,6732,12,,,1,100,,6727,12,,,1,100,,6733,12,,,1,100,,6737,12,0,5,1,101,,6724,12,0,5,1,101,,6716,12,0,5,1,21,,6743,12,0,5,1,79,,6725,12,0,5,1,18,,6740,12,,,1,60,,6711,12,0,5,1,22,,6730,12,,,1,18,,6717,12,0,5,1,61,,6714,12,0,5,1,20,,6719,12,0,5,1,77,,6712,12,0,5,1,100,,6721,12,0,5,1,100,,6722,12,0,5,1,100,,6720,12,0,5,1,100,,6723,12,0,5,1,100,,6718,12,0,5,1
20100,'Weekday-25',536,,6761,12,0,5,1,70,,6765,12,0,5,1,20,,6769,12,0,5,1,20,,6748,12,0,5,1,61,,6762,12,0,5,1,22,,6772,12,,,1,22,,6766,12,,,1,60,,6770,12,0,5,1,20,,6773,12,,,1,17,,6759,12,,,1,79,,6767,12,,,1,100,,6775,12,,,1,100,,6760,12,,,1,100,,6776,12,,,1,100,,6768,12,0,5,1,101,,6757,12,0,5,1,101,,6749,12,0,5,1,21,,6774,12,0,5,1,79,,6758,12,0,5,1,18,,6771,12,,,1,60,,6744,12,0,5,1,22,,6763,12,,,1,18,,6750,12,0,5,1,61,,6747,12,0,5,1,20,,6752,12,0,5,1,77,,6745,12,0,5,1,100,,6754,12,0,5,1,100,,6755,12,0,5,1,100,,6753,12,0,5,1,100,,6756,12,0,5,1,100,,6751,12,0,5,1
20100,'Weekday-26',551,,6779,12,0,5,1,70,,6781,12,0,5,1,30,,6798,12,0,5,1,71,,6778,12,,,1,30,,6780,12,,,1,71,,6799,12,0,5,1,27,,6791,12,0,5,1,100,,6783,12,,,1,100,,6782,12,,,1,100,,6800,12,,,1,100,,6777,12,,,1,100,,6802,12,,,1,101,,6797,12,,,1,101,,6789,12,,,1,70,,6801,12,,,1,30,,6796,12,,,1,70,,6784,12,0,5,1,30,,6790,12,0,5,1,71,,6792,12,0,5,1,27,,6786,12,0,5,1,100,,6794,12,0,5,1,100,,6787,12,0,5,1,100,,6795,12,0,5,1,100,,6785,12,0,5,1,100,,6793,12,0,5,1
20200,'Weekday-20',846,,6955,16,,,1,80,,6959,16,,,1,100,,6940,16,,,1,100,,6956,16,,,1,101,,6938,16,,,1,100,,6960,16,,,1,100,,6957,16,,,1,100,,6954,16,,,1,23,,6944,16,,,1,78,,6953,16,,,1,25,,6943,16,,,1,54,,6942,16,,,1,20,,6951,16,,,1,19,,6941,16,,,1,60,,6961,16,,,1,40,,6947,16,,,1,60,,6952,16,,,1
20200,'Weekday-25',846,,6978,16,,,1,80,,6982,16,,,1,100,,6964,16,,,1,100,,6979,16,,,1,101,,6962,16,,,1,100,,6985,16,,,1,100,,6980,16,,,1,100,,6977,16,,,1,23,,6968,16,,,1,78,,6976,16,,,1,25,,6967,16,,,1,54,,6966,16,,,1,20,,6974,16,,,1,19,,6965,16,,,1,60,,6983,16,,,1,40,,6971,16,,,1,60,,6975,16,,,1
20200,'Weekday-26',851,,6993,16,,,1,100,,6989,16,,,1,100,,6998,16,,,1,100,,6997,16,,,1,101,,6999,16,,,1,100,,6996,16,,,1,100,,7000,16,,,1,100,,6994,16,,,1,71,,7002,16,,,1,33,,6988,16,,,1,66,,6992,16,,,1,29,,7001,16,,,1
