100000901,'Weekday-20',604,,7906,23,,,1,20,,7907,23,,,1,20,,7909,23,,,1,60,,7911,23,,,1,20,,7913,23,,,1,20,,7910,23,,,1,60,,7912,23,,,1,20,,7903,23,,,1,820,,7904,23,,,1,60,,7908,23,,,1,20,,7914,23,,,1,20,,7905,23,,,1
100000901,'Weekday-25',604,,7919,23,,,1,20,,7920,23,,,1,20,,7921,23,,,1,60,,7923,23,,,1,20,,7925,23,,,1,20,,7922,23,,,1,60,,7924,23,,,1,20,,7916,23,,,1,820,,7917,23,,,1,60,,7915,23,,,1,20,,7926,23,,,1,20,,7918,23,,,1
100000901,'Weekday-26',600,,7935,23,,,1,30,,7930,23,,,1,70,,7927,23,,,1,30,,7931,23,,,1,70,,7934,23,,,1,900,,7932,23,,,1,30,,7928,23,,,1,70,,7933,23,,,1,30,,7929,23,,,1
100003200,'Saturday-21',600,,8424,13,,,1,100,,8421,28,,,1,100,,8422,28,,,1,100,,8423,28,,,1,100,,8429,28,,,1,100,,8425,28,,,1,100,,8426,28,,,1,100,,8430,28,,,1,100,,8431,28,,,1,100,,8427,28,,,1,100,,8428,28,,,1,100,,8432,28,,,1,100,,8433,28,,,1
100003200,'Saturday-23',600,,6460,13,,,1,100,,6457,28,,,1,100,,6458,28,,,1,100,,6459,28,,,1,100,,6465,28,,,1,100,,6461,28,,,1,100,,6462,28,,,1,100,,6466,28,,,1,100,,6467,28,,,1,100,,6463,28,,,1,100,,6464,28,,,1,100,,6468,28,,,1,100,,6469,28,,,1
100003200,'Weekday-20',725,,8434,28,,,1,27,,8437,28,,,1,90,,8438,28,,,1,100,,8443,28,,,1,100,,8435,28,,,1,99,,8440,28,,,1,100,,8444,28,,,1,101,,8441,28,,,1,101,,8445,28,,,1,60,,8442,28,,,1,40,,8446,28,,,1,62,,8439,28,,,1,47,,8436,28,,,1
100003200,'Weekday-25',725,,8448,28,,,1,27,,8451,28,,,1,90,,8452,28,,,1,100,,8459,28,,,1,100,,8449,28,,,1,99,,8454,28,,,1,100,,8456,28,,,1,101,,8455,28,,,1,101,,8457,28,,,1,60,,8447,28,,,1,40,,8458,28,,,1,62,,8453,28,,,1,47,,8450,28,,,1
100003200,'Weekday-26',550,,8476,13,,,1,152,,8474,28,,,1,31,,8472,28,,,1,71,,8475,28,,,1,30,,8473,28,,,1,71,,8460,28,,,1,100,,8461,28,,,1,100,,8462,28,,,1,99,,8463,28,,,1,100,,8464,28,,,1,101,,8465,28,,,1,101,,8466,28,,,1,100,,8467,28,,,1,29,,8470,28,,,1,72,,8468,28,,,1,25,,8471,28,,,1,69,,8469,28,,,1
100003301,'Saturday-21',629,,8614,24,,,1,100,,8615,24,,,1,100,,8616,24,,,1,100,,8617,24,,,1,100,,8622,24,,,1,100,,8618,24,,,1,100,,8619,24,,,1,100,,8623,24,,,1,100,,8624,24,,,1,100,,8620,24,,,1,100,,8621,24,,,1,100,,8625,24,,,1,100,,8626,24,,,1
100003301,'Saturday-23',629,,6586,24,,,1,100,,6587,24,,,1,100,,6588,24,,,1,100,,6589,24,,,1,100,,6594,24,,,1,100,,6590,24,,,1,100,,6591,24,,,1,100,,6595,24,,,1,100,,6596,24,,,1,100,,6592,24,,,1,100,,6593,24,,,1,100,,6597,24,,,1,100,,6598,24,,,1
100003301,'Weekday-20',907,,8627,24,,,1,100,,8628,24,,,1,100,,8629,24,,,1,102,,8630,24,,,1,97,,8631,24,,,1,99,,8632,24,,,1,100,,8633,24,,,1,15,,8637,24,,,1,88,,8634,24,,,1
100003301,'Weekday-25',907,,8643,24,,,1,100,,8644,24,,,1,100,,8645,24,,,1,102,,8646,24,,,1,97,,8647,24,,,1,99,,8648,24,,,1,100,,8649,24,,,1,15,,8653,24,,,1,88,,8650,24,,,1
100003301,'Weekday-26',831,,8659,24,,,1,71,,8670,24,,,1,30,,8660,24,,,1,100,,8661,24,,,1,100,,8662,24,,,1,102,,8663,24,,,1,97,,8664,24,,,1,99,,8665,24,,,1,100,,8666,24,,,1,73,,8668,24,,,1,27,,8667,24,,,1
