20100,'Weekday-20',801,,6741,26,,,1,24,,6735,26,,,1,80,,6742,26,,,1,10,,6726,26,,,1,37,,6736,26,,,1,100,,6732,26,,,1,100,,6727,26,,,1,100,,6733,26,,,1,462,,6740,26,,,1,42,,6730,26,,,1
20100,'Weekday-25',801,,6772,26,,,1,24,,6766,26,,,1,80,,6773,26,,,1,10,,6759,26,,,1,37,,6767,26,,,1,100,,6775,26,,,1,100,,6760,26,,,1,100,,6776,26,,,1,462,,6771,26,,,1,42,,6763,26,,,1
20100,'Weekday-26',745,,6778,26,,,1,73,,6780,26,,,1,200,,6783,26,,,1,100,,6782,26,,,1,100,,6800,26,,,1,100,,6777,26,,,1,100,,6802,26,,,1,101,,6797,26,,,1,101,,6789,26,,,1,30,,6801,26,,,1,71,,6796,26,,,1
20101,'Saturday-21',615,,6811,7,,,1,100,,6819,7,,,1,100,,6810,7,,,1,101,,6820,7,,,1,100,,6804,7,,,1,100,,6814,7,,,1,100,,6805,7,,,1,100,,6815,7,,,1,100,,6803,7,,,1,100,,6816,7,,,1,100,,6807,7,,,1,100,,6818,7,,,1,102,,6809,7,,,1,100,,6813,7,,,1,100,,6806,7,,,1,99,,6817,7,,,1,100,,6812,7,,,1,100,,6821,7,,,1,100,,6808,7,,,1
20101,'Saturday-23',615,,5538,7,,,1,100,,5546,7,,,1,100,,5537,7,,,1,101,,5547,7,,,1,100,,5531,7,,,1,100,,5541,7,,,1,100,,5532,7,,,1,100,,5542,7,,,1,100,,5530,7,,,1,100,,5543,7,,,1,100,,5534,7,,,1,100,,5545,7,,,1,102,,5536,7,,,1,100,,5540,7,,,1,100,,5533,7,,,1,99,,5544,7,,,1,100,,5539,7,,,1,100,,5548,7,,,1,100,,5535,7,,,1
20101,'Sunday-22',608,,6825,7,,,1,100,,6835,7,,,1,106,,6824,7,,,1,100,,6834,7,,,1,101,,6826,7,,,1,100,,6833,7,,,1,100,,6827,7,,,1,100,,6832,7,,,1,100,,6828,7,,,1,100,,6831,7,,,1,100,,6823,7,,,1,100,,6830,7,,,1,100,,6822,7,,,1,100,,6829,7,,,1
20101,'Sunday-62',608,,6839,7,,,1,100,,6849,7,,,1,106,,6838,7,,,1,100,,6848,7,,,1,101,,6840,7,,,1,100,,6847,7,,,1,100,,6841,7,,,1,100,,6846,7,,,1,100,,6842,7,,,1,100,,6845,7,,,1,100,,6837,7,,,1,100,,6844,7,,,1,100,,6836,7,,,1,100,,6843,7,,,1
20101,'Weekday-20',558,,6867,7,,,1,70,,6875,7,,,1,21,,6878,7,,,1,60,,6854,7,,,1,23,,6868,7,,,1,113,,6879,7,,,1,105,,6863,7,,,1,100,,6876,7,,,1,100,,6873,7,,,1,95,,6866,7,,,1,99,,6874,7,,,1,10,,6877,7,,,1,93,,6871,7,,,1,54,,6864,7,,,1,16,,6850,7,,,1,18,,6870,7,,,1,24,,6855,7,,,1,56,,6872,7,,,1,24,,6869,7,,,1,61,,6865,7,,,1,36,,6851,7,,,1,12,,6880,7,,,1,66,,6856,7,,,1,24,,6853,7,,,1,20,,6859,7,,,1,69,,6852,7,,,1,100,,6860,7,,,1,100,,6861,7,,,1,100,,6857,7,,,1,100,,6862,7,,,1,100,,6858,7,,,1
20101,'Weekday-25',558,,6900,7,,,1,70,,6903,7,,,1,21,,6906,7,,,1,60,,6887,7,,,1,23,,6901,7,,,1,113,,6907,7,,,1,105,,6896,7,,,1,100,,6904,7,,,1,100,,6910,7,,,1,95,,6899,7,,,1,99,,6911,7,,,1,10,,6905,7,,,1,93,,6909,7,,,1,54,,6897,7,,,1,16,,6883,7,,,1,18,,6902,7,,,1,24,,6888,7,,,1,56,,6882,7,,,1,24,,6881,7,,,1,61,,6898,7,,,1,36,,6884,7,,,1,12,,6908,7,,,1,66,,6889,7,,,1,24,,6886,7,,,1,20,,6892,7,,,1,69,,6885,7,,,1,100,,6893,7,,,1,100,,6894,7,,,1,100,,6890,7,,,1,100,,6895,7,,,1,100,,6891,7,,,1
20101,'Weekday-26',613,,6914,7,,,1,30,,6915,7,,,1,74,,6933,7,,,1,29,,6923,7,,,1,68,,6913,7,,,1,40,,6934,7,,,1,61,,6925,7,,,1,99,,6932,7,,,1,100,,6917,7,,,1,100,,6916,7,,,1,100,,6935,7,,,1,100,,6912,7,,,1,100,,6936,7,,,1,29,,6931,7,,,1,65,,6918,7,,,1,39,,6924,7,,,1,70,,6937,7,,,1,33,,6919,7,,,1,70,,6926,7,,,1,34,,6927,7,,,1,58,,6920,7,,,1,100,,6928,7,,,1,100,,6921,7,,,1,100,,6929,7,,,1,100,,6922,7,,,1,100,,6930,7,,,1
20801,'Weekday-20',1506,,7371,4,,,1,14,,7369,4,,,1,24,,7374,4,,,1,57,,7375,4,,,1,29,,7373,4,,,1,13,,7370,4,,,1,68,,7372,4,,,1
20801,'Weekday-25',1506,,7379,4,,,1,14,,7377,4,,,1,24,,7376,4,,,1,57,,7382,4,,,1,29,,7381,4,,,1,13,,7378,4,,,1,68,,7380,4,,,1
