20201,'Weekday-20',731,,7012,20,,,1,20,,7005,20,,,1,80,,7023,20,,,1,97,,7013,20,,,1,100,,7024,20,,,1,100,,7006,20,,,1,100,,7020,20,,,1,100,,7003,20,,,1,100,,7025,20,,,1,20,,7004,20,,,1,80,,7022,20,,,1,23,,7018,20,,,1,60,,7010,20,,,1,20,,7021,20,,,1,20,,7019,20,,,1,60,,7011,20,,,1,20,,7017,20,,,1,21,,7009,20,,,1,61,,7008,20,,,1,18,,7015,20,,,1,19,,7007,20,,,1,58,,7026,20,,,1,33,,7014,20,,,1,65,,7016,20,,,1
20201,'Weekday-25',731,,7036,20,,,1,20,,7029,20,,,1,80,,7047,20,,,1,97,,7037,20,,,1,100,,7048,20,,,1,100,,7030,20,,,1,100,,7044,20,,,1,100,,7027,20,,,1,100,,7050,20,,,1,20,,7028,20,,,1,80,,7046,20,,,1,23,,7042,20,,,1,60,,7034,20,,,1,20,,7045,20,,,1,20,,7043,20,,,1,60,,7035,20,,,1,20,,7041,20,,,1,21,,7033,20,,,1,61,,7032,20,,,1,18,,7039,20,,,1,19,,7031,20,,,1,58,,7049,20,,,1,33,,7038,20,,,1,65,,7040,20,,,1
20201,'Weekday-26',723,,7051,20,,,1,30,,7055,20,,,1,70,,7058,20,,,1,30,,7052,20,,,1,70,,7056,20,,,1,30,,7059,20,,,1,100,,7057,20,,,1,100,,7064,20,,,1,100,,7062,20,,,1,100,,7065,20,,,1,100,,7063,20,,,1,100,,7066,20,,,1,70,,7053,20,,,1,30,,7060,20,,,1,70,,7068,20,,,1,30,,7054,20,,,1,70,,7061,20,,,1,30,,7067,20,,,1
100002100,'Weekday-20',1546,,8234,34,,,1,82,,8236,34,,,1,83,,8235,34,,,1,39,,8233,34,,,1,80,,8232,34,,,1
100002100,'Weekday-25',1546,,8239,34,,,1,82,,8241,34,,,1,83,,8240,34,,,1,39,,8238,34,,,1,80,,8237,34,,,1
100002100,'Weekday-26',723,,8242,17,,,1,30,,8243,17,,,1,70,,8244,17,,,1,700,,8245,17,,,1,100,,8246,17,,,1,30,,8247,17,,,1,70,,8248,17,,,1
100003100,'Saturday-21',605,,8309,29,,,1,100,,8310,29,,,1,100,,8311,29,,,1,100,,8312,29,,,1,100,,8317,29,,,1,100,,8313,29,,,1,100,,8318,29,,,1,100,,8314,29,,,1,100,,8319,29,,,1,100,,8315,29,,,1,100,,8320,29,,,1,100,,8316,29,,,1,100,,8321,29,,,1
100003100,'Saturday-23',606,,6380,28,,,1,100,,6381,28,,,1,100,,6382,28,,,1,100,,6383,28,,,1,100,,6388,28,,,1,100,,6384,28,,,1,100,,6389,28,,,1,100,,6385,28,,,1,100,,6390,28,,,1,100,,6386,28,,,1,100,,6391,28,,,1,99,,6387,29,,,1,100,,6392,29,,,1
100003100,'Weekday-20',728,,8323,29,,,1,119,,8325,29,,,1,98,,8326,29,,,1,100,,8327,29,,,1,100,,8328,29,,,1,100,,8329,29,,,1,100,,8330,29,,,1,100,,8331,29,,,1,61,,8324,29,,,1,36,,8332,29,,,1,66,,8322,29,,,1,242,,8333,29,,,1
100003100,'Weekday-25',728,,8336,29,,,1,119,,8338,29,,,1,98,,8339,29,,,1,100,,8340,29,,,1,100,,8341,29,,,1,100,,8342,29,,,1,100,,8343,29,,,1,100,,8344,29,,,1,61,,8337,29,,,1,36,,8345,29,,,1,66,,8335,29,,,1,242,,8334,29,,,1
100003100,'Weekday-26',706,,8356,29,,,1,31,,8347,29,,,1,69,,8357,29,,,1,30,,8346,29,,,1,69,,8353,29,,,1,100,,8354,29,,,1,100,,8355,29,,,1,100,,8352,29,,,1,100,,8350,29,,,1,100,,8358,29,,,1,100,,8359,29,,,1,101,,8360,29,,,1,30,,8348,29,,,1,72,,8361,29,,,1,28,,8349,29,,,1,70,,8351,29,,,1
100003200,'Saturday-21',608,,8424,17,,,1,100,,8421,32,,,1,100,,8422,32,,,1,100,,8423,32,,,1,100,,8429,32,,,1,100,,8425,32,,,1,100,,8426,32,,,1,100,,8430,32,,,1,100,,8431,32,,,1,100,,8427,32,,,1,100,,8428,32,,,1,100,,8432,32,,,1,100,,8433,32,,,1
100003200,'Saturday-23',608,,6460,17,,,1,100,,6457,32,,,1,100,,6458,32,,,1,100,,6459,32,,,1,100,,6465,32,,,1,100,,6461,32,,,1,100,,6462,32,,,1,100,,6466,32,,,1,100,,6467,32,,,1,100,,6463,32,,,1,100,,6464,32,,,1,100,,6468,32,,,1,100,,6469,32,,,1
100003200,'Weekday-20',731,,8434,32,,,1,27,,8437,32,,,1,91,,8438,32,,,1,99,,8443,32,,,1,100,,8435,32,,,1,100,,8440,32,,,1,100,,8444,32,,,1,100,,8441,32,,,1,103,,8445,32,,,1,58,,8442,32,,,1,41,,8446,32,,,1,61,,8439,32,,,1,47,,8436,32,,,1
100003200,'Weekday-25',731,,8448,32,,,1,27,,8451,32,,,1,91,,8452,32,,,1,99,,8459,32,,,1,100,,8449,32,,,1,100,,8454,32,,,1,100,,8456,32,,,1,100,,8455,32,,,1,103,,8457,32,,,1,58,,8447,32,,,1,41,,8458,32,,,1,61,,8453,32,,,1,47,,8450,32,,,1
100003200,'Weekday-26',554,,8476,17,,,1,154,,8474,32,,,1,31,,8472,32,,,1,70,,8475,32,,,1,30,,8473,32,,,1,71,,8460,32,,,1,100,,8461,32,,,1,100,,8462,32,,,1,99,,8463,32,,,1,100,,8464,32,,,1,101,,8465,32,,,1,100,,8466,32,,,1,100,,8467,32,,,1,30,,8470,32,,,1,70,,8468,32,,,1,28,,8471,32,,,1,70,,8469,32,,,1
