100000501,'Saturday-21',607,,7541,10,,,1,100,,7536,15,,,1,100,,7529,15,,,1,100,,7537,15,,,1,100,,7530,15,,,1,100,,7538,15,,,1,100,,7531,15,,,1,100,,7534,15,,,1,100,,7539,15,,,1,100,,7532,15,,,1,100,,7535,15,,,1,100,,7540,15,,,1,100,,7533,15,,,1
100000501,'Saturday-23',607,,5912,10,,,1,100,,5907,15,,,1,100,,5900,15,,,1,100,,5908,15,,,1,100,,5901,15,,,1,100,,5909,15,,,1,100,,5902,15,,,1,100,,5905,15,,,1,100,,5910,15,,,1,100,,5903,15,,,1,100,,5906,15,,,1,100,,5911,15,,,1,100,,5904,15,,,1
100000501,'Weekday-20',522,,7542,10,,,1,20,,7553,10,,,1,60,,7560,10,,,1,20,,7549,10,,,1,20,,7556,10,,,1,62,,7548,15,,,1,18,,7557,15,,,1,20,,7567,15,,,1,63,,7543,15,,,1,40,,7544,15,,,1,99,,7545,15,,,1,100,,7559,15,,,1,100,,7563,15,,,1,100,,7558,15,,,1,100,,7561,15,,,1,99,,7562,15,,,1,65,,7564,15,,,1,37,,7565,15,,,1,62,,7554,15,,,1,18,,7550,15,,,1,20,,7555,15,,,1,60,,7551,15,,,1,19,,7547,15,,,1,20,,7552,15,,,1,61,,7566,15,,,1,20,,7546,15,,,1
100000501,'Weekday-25',522,,7568,10,,,1,20,,7577,10,,,1,60,,7583,10,,,1,20,,7582,10,,,1,20,,7586,10,,,1,62,,7589,15,,,1,18,,7593,15,,,1,20,,7588,15,,,1,63,,7569,15,,,1,40,,7570,15,,,1,99,,7571,15,,,1,100,,7581,15,,,1,100,,7592,15,,,1,100,,7580,15,,,1,100,,7590,15,,,1,99,,7591,15,,,1,65,,7584,15,,,1,37,,7585,15,,,1,62,,7578,15,,,1,18,,7574,15,,,1,20,,7579,15,,,1,60,,7575,15,,,1,19,,7573,15,,,1,20,,7576,15,,,1,61,,7587,15,,,1,20,,7572,15,,,1
100000501,'Weekday-26',534,,7594,10,,,1,70,,7595,10,,,1,30,,7602,10,,,1,72,,7603,15,,,1,28,,7604,15,,,1,73,,7605,15,,,1,30,,7606,15,,,1,69,,7607,15,,,1,100,,7608,15,,,1,100,,7596,15,,,1,100,,7597,15,,,1,100,,7609,15,,,1,100,,7612,15,,,1,101,,7601,15,,,1,29,,7610,10,,,1,71,,7611,15,,,1,100,,7598,15,,,1,29,,7599,15,,,1,71,,7600,15,,,1
100000601,'Saturday-21',631,,7693,17,,,1,100,,7694,17,,,1,100,,7695,17,,,1,100,,7696,17,,,1,100,,7697,17,,,1,100,,7698,17,,,1,100,,7699,17,,,1,100,,7700,17,,,1,100,,7701,17,,,1,100,,7702,17,,,1,100,,7703,17,,,1,100,,7704,17,,,1,100,,7705,17,,,1
100000601,'Saturday-23',631,,6002,17,,,1,100,,6003,17,,,1,100,,6004,17,,,1,100,,6005,17,,,1,100,,6006,17,,,1,100,,6007,17,,,1,100,,6008,17,,,1,100,,6009,17,,,1,100,,6010,17,,,1,100,,6011,17,,,1,100,,6012,17,,,1,100,,6013,17,,,1,100,,6014,17,,,1
100000601,'Weekday-20',811,,7722,17,,,1,40,,7711,17,,,1,100,,7706,17,,,1,100,,7708,17,,,1,100,,7712,17,,,1,102,,7721,17,,,1,100,,7713,17,,,1,100,,7709,17,,,1,62,,7714,17,,,1,36,,7719,17,,,1,62,,7715,17,,,1,18,,7717,17,,,1,20,,7720,17,,,1,60,,7718,17,,,1,21,,7723,17,,,1,20,,7716,17,,,1,61,,7710,17,,,1,21,,7707,17,,,1
100000601,'Weekday-25',811,,7740,17,,,1,40,,7729,17,,,1,100,,7725,17,,,1,100,,7727,17,,,1,100,,7730,17,,,1,102,,7739,17,,,1,100,,7731,17,,,1,100,,7728,17,,,1,62,,7732,17,,,1,36,,7737,17,,,1,62,,7733,17,,,1,18,,7735,17,,,1,20,,7738,17,,,1,60,,7736,17,,,1,21,,7741,17,,,1,20,,7734,17,,,1,61,,7724,17,,,1,21,,7726,17,,,1
100000601,'Weekday-26',713,,7755,17,,,1,30,,7752,17,,,1,70,,7756,17,,,1,30,,7753,17,,,1,70,,7742,17,,,1,100,,7754,17,,,1,100,,7757,17,,,1,100,,7751,17,,,1,100,,7747,17,,,1,100,,7750,17,,,1,100,,7745,17,,,1,100,,7746,17,,,1,30,,7749,17,,,1,70,,7744,17,,,1,30,,7748,17,,,1,70,,7743,17,,,1
