20100,'Saturday-21',545,,6664,8,0,5,1,102,,6676,8,0,5,1,100,,6669,8,0,5,1,100,,6680,8,0,5,1,101,,6668,8,0,5,1,100,,6679,8,0,5,1,100,,6672,8,0,5,1,100,,6678,8,0,5,1,100,,6666,8,0,5,1,100,,6675,8,0,5,1,100,,6673,8,0,5,1,100,,6677,8,0,5,1,100,,6671,8,0,5,1,100,,6674,8,0,5,1,98,,6665,8,0,5,1,100,,6682,8,0,5,1,100,,6670,8,0,5,1,100,,6681,8,0,5,1,100,,6667,8,0,5,1
20100,'Saturday-23',545,,5431,8,0,5,1,102,,5443,8,0,5,1,100,,5436,8,0,5,1,100,,5447,8,0,5,1,101,,5435,8,0,5,1,100,,5446,8,0,5,1,100,,5439,8,0,5,1,100,,5445,8,0,5,1,100,,5433,8,0,5,1,100,,5442,8,0,5,1,100,,5440,8,0,5,1,100,,5444,8,0,5,1,100,,5438,8,0,5,1,100,,5441,8,0,5,1,98,,5432,8,0,5,1,100,,5449,8,0,5,1,100,,5437,8,0,5,1,100,,5448,8,0,5,1,100,,5434,8,0,5,1
20100,'Sunday-22',544,,6686,8,0,5,1,100,,6692,8,0,5,1,101,,6684,8,0,5,1,100,,6691,8,0,5,1,100,,6685,8,0,5,1,100,,6695,8,0,5,1,100,,6688,8,0,5,1,100,,6693,8,0,5,1,100,,6687,8,0,5,1,100,,6696,8,0,5,1,100,,6689,8,0,5,1,100,,6694,8,0,5,1,100,,6683,8,0,5,1,100,,6690,8,0,5,1
20100,'Sunday-62',544,,6700,8,0,5,1,100,,6706,8,0,5,1,101,,6698,8,0,5,1,100,,6705,8,0,5,1,100,,6699,8,0,5,1,100,,6709,8,0,5,1,100,,6702,8,0,5,1,100,,6707,8,0,5,1,100,,6701,8,0,5,1,100,,6710,8,0,5,1,100,,6703,8,0,5,1,100,,6708,8,0,5,1,100,,6697,8,0,5,1,100,,6704,8,0,5,1
20100,'Weekday-20',533,,6728,8,0,5,1,70,,6734,8,0,5,1,20,,6738,8,0,5,1,20,,6715,8,0,5,1,61,,6729,8,0,5,1,21,,6741,8,,,1,22,,6735,8,,,1,60,,6739,8,0,5,1,20,,6742,8,,,1,18,,6726,8,,,1,80,,6736,8,,,1,100,,6732,8,,,1,100,,6727,8,,,1,100,,6733,8,,,1,100,,6737,8,0,5,1,100,,6724,8,0,5,1,101,,6716,8,0,5,1,21,,6743,8,0,5,1,79,,6725,8,0,5,1,18,,6740,8,,,1,60,,6711,8,0,5,1,22,,6730,8,,,1,18,,6717,8,0,5,1,61,,6714,8,0,5,1,20,,6719,8,0,5,1,78,,6712,8,0,5,1,100,,6721,8,0,5,1,100,,6722,8,0,5,1,100,,6720,8,0,5,1,100,,6723,8,0,5,1,100,,6718,8,0,5,1
20100,'Weekday-25',533,,6761,8,0,5,1,70,,6765,8,0,5,1,20,,6769,8,0,5,1,20,,6748,8,0,5,1,61,,6762,8,0,5,1,21,,6772,8,,,1,22,,6766,8,,,1,60,,6770,8,0,5,1,20,,6773,8,,,1,18,,6759,8,,,1,80,,6767,8,,,1,100,,6775,8,,,1,100,,6760,8,,,1,100,,6776,8,,,1,100,,6768,8,0,5,1,100,,6757,8,0,5,1,101,,6749,8,0,5,1,21,,6774,8,0,5,1,79,,6758,8,0,5,1,18,,6771,8,,,1,60,,6744,8,0,5,1,22,,6763,8,,,1,18,,6750,8,0,5,1,61,,6747,8,0,5,1,20,,6752,8,0,5,1,78,,6745,8,0,5,1,100,,6754,8,0,5,1,100,,6755,8,0,5,1,100,,6753,8,0,5,1,100,,6756,8,0,5,1,100,,6751,8,0,5,1
20100,'Weekday-26',548,,6779,8,0,5,1,70,,6781,8,0,5,1,30,,6798,8,0,5,1,71,,6778,8,,,1,30,,6780,8,,,1,71,,6799,8,0,5,1,28,,6791,8,0,5,1,100,,6783,8,,,1,100,,6782,8,,,1,100,,6800,8,,,1,100,,6777,8,,,1,100,,6802,8,,,1,100,,6797,8,,,1,101,,6789,8,,,1,70,,6801,8,,,1,30,,6796,8,,,1,70,,6784,8,0,5,1,30,,6790,8,0,5,1,71,,6792,8,0,5,1,28,,6786,8,0,5,1,100,,6794,8,0,5,1,100,,6787,8,0,5,1,100,,6795,8,0,5,1,100,,6785,8,0,5,1,100,,6793,8,0,5,1
20200,'Weekday-20',844,,6955,12,,,1,80,,6959,12,,,1,100,,6940,12,,,1,100,,6956,12,,,1,100,,6938,12,,,1,100,,6960,12,,,1,100,,6957,12,,,1,100,,6954,12,,,1,23,,6944,12,,,1,78,,6953,12,,,1,23,,6943,12,,,1,56,,6942,12,,,1,20,,6951,12,,,1,20,,6941,12,,,1,60,,6961,12,,,1,40,,6947,12,,,1,60,,6952,12,,,1
20200,'Weekday-25',844,,6978,12,,,1,80,,6982,12,,,1,100,,6964,12,,,1,100,,6979,12,,,1,100,,6962,12,,,1,100,,6985,12,,,1,100,,6980,12,,,1,100,,6977,12,,,1,23,,6968,12,,,1,78,,6976,12,,,1,23,,6967,12,,,1,56,,6966,12,,,1,20,,6974,12,,,1,20,,6965,12,,,1,60,,6983,12,,,1,40,,6971,12,,,1,60,,6975,12,,,1
20200,'Weekday-26',849,,6993,12,,,1,100,,6989,12,,,1,100,,6998,12,,,1,100,,6997,12,,,1,100,,6999,12,,,1,100,,6996,12,,,1,100,,7000,12,,,1,100,,6994,12,,,1,71,,7002,12,,,1,31,,6988,12,,,1,68,,6992,12,,,1,30,,7001,12,,,1
