20100,'Weekday-20',759,,6741,25,,,1,64,,6735,25,,,1,80,,6742,25,,,1,10,,6726,25,,,1,37,,6736,25,,,1,100,,6732,25,,,1,100,,6727,25,,,1,100,,6733,25,,,1,462,,6740,25,,,1,42,,6730,25,,,1
20100,'Weekday-25',759,,6772,25,,,1,64,,6766,25,,,1,80,,6773,25,,,1,10,,6759,25,,,1,37,,6767,25,,,1,100,,6775,25,,,1,100,,6760,25,,,1,100,,6776,25,,,1,462,,6771,25,,,1,42,,6763,25,,,1
20100,'Weekday-26',743,,6778,25,,,1,73,,6780,25,,,1,199,,6783,25,,,1,100,,6782,25,,,1,100,,6800,25,,,1,100,,6777,25,,,1,100,,6802,25,,,1,101,,6797,25,,,1,102,,6789,25,,,1,30,,6801,25,,,1,71,,6796,25,,,1
20101,'Saturday-21',613,,6811,6,,,1,100,,6819,6,,,1,100,,6810,6,,,1,101,,6820,6,,,1,100,,6804,6,,,1,100,,6814,6,,,1,100,,6805,6,,,1,100,,6815,6,,,1,100,,6803,6,,,1,100,,6816,6,,,1,100,,6807,6,,,1,100,,6818,6,,,1,102,,6809,6,,,1,100,,6813,6,,,1,100,,6806,6,,,1,99,,6817,6,,,1,100,,6812,6,,,1,100,,6821,6,,,1,100,,6808,6,,,1
20101,'Saturday-23',613,,5538,6,,,1,100,,5546,6,,,1,100,,5537,6,,,1,101,,5547,6,,,1,100,,5531,6,,,1,100,,5541,6,,,1,100,,5532,6,,,1,100,,5542,6,,,1,100,,5530,6,,,1,100,,5543,6,,,1,100,,5534,6,,,1,100,,5545,6,,,1,102,,5536,6,,,1,100,,5540,6,,,1,100,,5533,6,,,1,99,,5544,6,,,1,100,,5539,6,,,1,100,,5548,6,,,1,100,,5535,6,,,1
20101,'Sunday-22',606,,6825,6,,,1,100,,6835,6,,,1,106,,6824,6,,,1,100,,6834,6,,,1,101,,6826,6,,,1,100,,6833,6,,,1,100,,6827,6,,,1,100,,6832,6,,,1,100,,6828,6,,,1,100,,6831,6,,,1,100,,6823,6,,,1,100,,6830,6,,,1,100,,6822,6,,,1,100,,6829,6,,,1
20101,'Sunday-62',606,,6839,6,,,1,100,,6849,6,,,1,106,,6838,6,,,1,100,,6848,6,,,1,101,,6840,6,,,1,100,,6847,6,,,1,100,,6841,6,,,1,100,,6846,6,,,1,100,,6842,6,,,1,100,,6845,6,,,1,100,,6837,6,,,1,100,,6844,6,,,1,100,,6836,6,,,1,100,,6843,6,,,1
20101,'Weekday-20',556,,6867,6,,,1,70,,6875,6,,,1,21,,6878,6,,,1,60,,6854,6,,,1,23,,6868,6,,,1,113,,6879,6,,,1,105,,6863,6,,,1,100,,6876,6,,,1,100,,6873,6,,,1,95,,6866,6,,,1,99,,6874,6,,,1,10,,6877,6,,,1,93,,6871,6,,,1,14,,6864,6,,,1,56,,6850,6,,,1,18,,6870,6,,,1,24,,6855,6,,,1,56,,6872,6,,,1,24,,6869,6,,,1,21,,6865,6,,,1,76,,6851,6,,,1,12,,6880,6,,,1,66,,6856,6,,,1,24,,6853,6,,,1,20,,6859,6,,,1,70,,6852,6,,,1,100,,6860,6,,,1,100,,6861,6,,,1,100,,6857,6,,,1,100,,6862,6,,,1,100,,6858,6,,,1
20101,'Weekday-25',556,,6900,6,,,1,70,,6903,6,,,1,21,,6906,6,,,1,60,,6887,6,,,1,23,,6901,6,,,1,113,,6907,6,,,1,105,,6896,6,,,1,100,,6904,6,,,1,100,,6910,6,,,1,95,,6899,6,,,1,99,,6911,6,,,1,10,,6905,6,,,1,93,,6909,6,,,1,14,,6897,6,,,1,56,,6883,6,,,1,18,,6902,6,,,1,24,,6888,6,,,1,56,,6882,6,,,1,24,,6881,6,,,1,21,,6898,6,,,1,76,,6884,6,,,1,12,,6908,6,,,1,66,,6889,6,,,1,24,,6886,6,,,1,20,,6892,6,,,1,70,,6885,6,,,1,100,,6893,6,,,1,100,,6894,6,,,1,100,,6890,6,,,1,100,,6895,6,,,1,100,,6891,6,,,1
20101,'Weekday-26',611,,6914,6,,,1,30,,6915,6,,,1,73,,6933,6,,,1,28,,6923,6,,,1,69,,6913,6,,,1,40,,6934,6,,,1,62,,6925,6,,,1,98,,6932,6,,,1,100,,6917,6,,,1,100,,6916,6,,,1,100,,6935,6,,,1,100,,6912,6,,,1,100,,6936,6,,,1,29,,6931,6,,,1,66,,6918,6,,,1,39,,6924,6,,,1,70,,6937,6,,,1,33,,6919,6,,,1,70,,6926,6,,,1,34,,6927,6,,,1,59,,6920,6,,,1,100,,6928,6,,,1,100,,6921,6,,,1,100,,6929,6,,,1,100,,6922,6,,,1,100,,6930,6,,,1
