20100,'Saturday-21',546,,6664,10,0,5,1,102,,6676,10,0,5,1,101,,6669,10,0,5,1,100,,6680,10,0,5,1,101,,6668,10,0,5,1,100,,6679,10,0,5,1,100,,6672,10,0,5,1,100,,6678,10,0,5,1,100,,6666,10,0,5,1,100,,6675,10,0,5,1,100,,6673,10,0,5,1,100,,6677,10,0,5,1,100,,6671,10,0,5,1,100,,6674,10,0,5,1,98,,6665,10,0,5,1,100,,6682,10,0,5,1,100,,6670,10,0,5,1,100,,6681,10,0,5,1,100,,6667,10,0,5,1
20100,'Saturday-23',546,,5431,10,0,5,1,102,,5443,10,0,5,1,101,,5436,10,0,5,1,100,,5447,10,0,5,1,101,,5435,10,0,5,1,100,,5446,10,0,5,1,100,,5439,10,0,5,1,100,,5445,10,0,5,1,100,,5433,10,0,5,1,100,,5442,10,0,5,1,100,,5440,10,0,5,1,100,,5444,10,0,5,1,100,,5438,10,0,5,1,100,,5441,10,0,5,1,98,,5432,10,0,5,1,100,,5449,10,0,5,1,100,,5437,10,0,5,1,100,,5448,10,0,5,1,100,,5434,10,0,5,1
20100,'Sunday-22',545,,6686,10,0,5,1,100,,6692,10,0,5,1,102,,6684,10,0,5,1,100,,6691,10,0,5,1,100,,6685,10,0,5,1,100,,6695,10,0,5,1,100,,6688,10,0,5,1,100,,6693,10,0,5,1,100,,6687,10,0,5,1,100,,6696,10,0,5,1,100,,6689,10,0,5,1,100,,6694,10,0,5,1,100,,6683,10,0,5,1,100,,6690,10,0,5,1
20100,'Sunday-62',545,,6700,10,0,5,1,100,,6706,10,0,5,1,102,,6698,10,0,5,1,100,,6705,10,0,5,1,100,,6699,10,0,5,1,100,,6709,10,0,5,1,100,,6702,10,0,5,1,100,,6707,10,0,5,1,100,,6701,10,0,5,1,100,,6710,10,0,5,1,100,,6703,10,0,5,1,100,,6708,10,0,5,1,100,,6697,10,0,5,1,100,,6704,10,0,5,1
20100,'Weekday-20',535,,6728,10,0,5,1,70,,6734,10,0,5,1,20,,6738,10,0,5,1,20,,6715,10,0,5,1,61,,6729,10,0,5,1,21,,6741,10,,,1,22,,6735,10,,,1,60,,6739,10,0,5,1,20,,6742,10,,,1,18,,6726,10,,,1,79,,6736,10,,,1,100,,6732,10,,,1,100,,6727,10,,,1,100,,6733,10,,,1,100,,6737,10,0,5,1,101,,6724,10,0,5,1,101,,6716,10,0,5,1,21,,6743,10,0,5,1,79,,6725,10,0,5,1,18,,6740,10,,,1,60,,6711,10,0,5,1,22,,6730,10,,,1,18,,6717,10,0,5,1,61,,6714,10,0,5,1,20,,6719,10,0,5,1,77,,6712,10,0,5,1,100,,6721,10,0,5,1,100,,6722,10,0,5,1,100,,6720,10,0,5,1,100,,6723,10,0,5,1,100,,6718,10,0,5,1
20100,'Weekday-25',535,,6761,10,0,5,1,70,,6765,10,0,5,1,20,,6769,10,0,5,1,20,,6748,10,0,5,1,61,,6762,10,0,5,1,21,,6772,10,,,1,22,,6766,10,,,1,60,,6770,10,0,5,1,20,,6773,10,,,1,18,,6759,10,,,1,79,,6767,10,,,1,100,,6775,10,,,1,100,,6760,10,,,1,100,,6776,10,,,1,100,,6768,10,0,5,1,101,,6757,10,0,5,1,101,,6749,10,0,5,1,21,,6774,10,0,5,1,79,,6758,10,0,5,1,18,,6771,10,,,1,60,,6744,10,0,5,1,22,,6763,10,,,1,18,,6750,10,0,5,1,61,,6747,10,0,5,1,20,,6752,10,0,5,1,77,,6745,10,0,5,1,100,,6754,10,0,5,1,100,,6755,10,0,5,1,100,,6753,10,0,5,1,100,,6756,10,0,5,1,100,,6751,10,0,5,1
20100,'Weekday-26',550,,6779,10,0,5,1,70,,6781,10,0,5,1,30,,6798,10,0,5,1,71,,6778,10,,,1,30,,6780,10,,,1,71,,6799,10,0,5,1,27,,6791,10,0,5,1,100,,6783,10,,,1,100,,6782,10,,,1,100,,6800,10,,,1,100,,6777,10,,,1,100,,6802,10,,,1,101,,6797,10,,,1,101,,6789,10,,,1,70,,6801,10,,,1,30,,6796,10,,,1,70,,6784,10,0,5,1,30,,6790,10,0,5,1,71,,6792,10,0,5,1,27,,6786,10,0,5,1,100,,6794,10,0,5,1,100,,6787,10,0,5,1,100,,6795,10,0,5,1,100,,6785,10,0,5,1,100,,6793,10,0,5,1
20200,'Weekday-20',845,,6955,14,,,1,80,,6959,14,,,1,100,,6940,14,,,1,100,,6956,14,,,1,101,,6938,14,,,1,100,,6960,14,,,1,100,,6957,14,,,1,100,,6954,14,,,1,23,,6944,14,,,1,78,,6953,14,,,1,24,,6943,14,,,1,55,,6942,14,,,1,20,,6951,14,,,1,19,,6941,14,,,1,60,,6961,14,,,1,40,,6947,14,,,1,60,,6952,14,,,1
20200,'Weekday-25',845,,6978,14,,,1,80,,6982,14,,,1,100,,6964,14,,,1,100,,6979,14,,,1,101,,6962,14,,,1,100,,6985,14,,,1,100,,6980,14,,,1,100,,6977,14,,,1,23,,6968,14,,,1,78,,6976,14,,,1,24,,6967,14,,,1,55,,6966,14,,,1,20,,6974,14,,,1,19,,6965,14,,,1,60,,6983,14,,,1,40,,6971,14,,,1,60,,6975,14,,,1
20200,'Weekday-26',850,,6993,14,,,1,100,,6989,14,,,1,100,,6998,14,,,1,100,,6997,14,,,1,101,,6999,14,,,1,100,,6996,14,,,1,100,,7000,14,,,1,100,,6994,14,,,1,71,,7002,14,,,1,32,,6988,14,,,1,67,,6992,14,,,1,29,,7001,14,,,1
