100000700,'Saturday-21',629,,7758,3,,,1,100,,7759,3,,,1,100,,7760,3,,,1,100,,7761,3,,,1,100,,7766,3,,,1,100,,7762,3,,,1,100,,7767,3,,,1,100,,7763,3,,,1,100,,7768,3,,,1,100,,7764,3,,,1,100,,7769,3,,,1,100,,7765,3,,,1
100000700,'Saturday-23',629,,6046,3,,,1,100,,6047,3,,,1,100,,6048,3,,,1,100,,6049,3,,,1,100,,6054,3,,,1,100,,6050,3,,,1,100,,6055,3,,,1,100,,6051,3,,,1,100,,6056,3,,,1,100,,6052,3,,,1,100,,6057,3,,,1,100,,6053,3,,,1
100000700,'Weekday-20',656,,7783,3,,,1,60,,7776,3,,,1,20,,7772,3,,,1,20,,7778,3,,,1,80,,7779,3,,,1,100,,7774,3,,,1,100,,7780,3,,,1,100,,7770,3,,,1,100,,7782,3,,,1,100,,7781,3,,,1
100000700,'Weekday-25',656,,7796,3,,,1,60,,7790,3,,,1,20,,7786,3,,,1,20,,7792,3,,,1,80,,7793,3,,,1,100,,7788,3,,,1,100,,7794,3,,,1,100,,7784,3,,,1,100,,7797,3,,,1,100,,7795,3,,,1
100000700,'Weekday-26',658,,7810,3,,,1,70,,7811,3,,,1,30,,7812,3,,,1,70,,7813,3,,,1,30,,7814,3,,,1,100,,7815,3,,,1,100,,7798,3,,,1,100,,7799,3,,,1,100,,7801,3,,,1,100,,7800,3,,,1,100,,7802,3,,,1,70,,7803,3,,,1,30,,7804,3,,,1,70,,7805,3,,,1,30,,7806,3,,,1,70,,7807,3,,,1,30,,7808,3,,,1
100001401,'Saturday-21',702,,8102,3,,,1,100,,8111,3,,,1,100,,8103,3,,,1,100,,8112,3,,,1,100,,8104,3,,,1,100,,8113,3,,,1,100,,8105,3,,,1,100,,8114,3,,,1,100,,8106,3,,,1,100,,8115,3,,,1,100,,8107,3,,,1,100,,8116,3,,,1,100,,8108,3,,,1,100,,8117,3,,,1,100,,8110,3,,,1,55,,8118,3,,,1,100,,8109,3,,,1
100001401,'Saturday-23',702,,6259,3,,,1,100,,6268,3,,,1,100,,6260,3,,,1,100,,6269,3,,,1,100,,6261,3,,,1,100,,6270,3,,,1,100,,6262,3,,,1,100,,6271,3,,,1,100,,6263,3,,,1,100,,6272,3,,,1,100,,6264,3,,,1,100,,6273,3,,,1,100,,6265,3,,,1,100,,6274,3,,,1,100,,6267,3,,,1,55,,6275,3,,,1,100,,6266,3,,,1
100001401,'Sunday-22',702,,8119,3,,,1,100,,8125,3,,,1,100,,8120,3,,,1,100,,8126,3,,,1,100,,8121,3,,,1,100,,8127,3,,,1,100,,8122,3,,,1,100,,8128,3,,,1,100,,8123,3,,,1,100,,8129,3,,,1,100,,8124,3,,,1,100,,8130,3,,,1
100001401,'Sunday-62',702,,8131,3,,,1,100,,8137,3,,,1,100,,8132,3,,,1,100,,8138,3,,,1,100,,8133,3,,,1,100,,8139,3,,,1,100,,8134,3,,,1,100,,8140,3,,,1,100,,8135,3,,,1,100,,8141,3,,,1,100,,8136,3,,,1,100,,8142,3,,,1
100001401,'Weekday-20',607,,8145,3,,,1,20,,8156,3,,,1,20,,8144,3,,,1,71,,8155,3,,,1,20,,8149,3,,,1,20,,8152,3,,,1,80,,8153,3,,,1,68,,8154,3,,,1,100,,8150,3,,,1,100,,8143,3,,,1,100,,8171,3,,,1,100,,8170,3,,,1,100,,8151,3,,,1,53,,8174,3,,,1,58,,8157,3,,,1,21,,8164,3,,,1,20,,8172,3,,,1,60,,8146,3,,,1,20,,8173,3,,,1,20,,8159,3,,,1,60,,8148,3,,,1,20,,8161,3,,,1,20,,8169,3,,,1,60,,8147,3,,,1,20,,8158,3,,,1,21,,8160,3,,,1,55,,8167,3,,,1,33,,8168,3,,,1,67,,8165,3,,,1,100,,8162,3,,,1,100,,8166,3,,,1,100,,8163,3,,,1
100001401,'Weekday-25',607,,8177,3,,,1,20,,8188,3,,,1,20,,8176,3,,,1,71,,8187,3,,,1,20,,8181,3,,,1,20,,8184,3,,,1,80,,8185,3,,,1,68,,8186,3,,,1,100,,8182,3,,,1,100,,8175,3,,,1,100,,8203,3,,,1,100,,8202,3,,,1,100,,8183,3,,,1,53,,8206,3,,,1,58,,8189,3,,,1,21,,8196,3,,,1,20,,8204,3,,,1,60,,8178,3,,,1,20,,8205,3,,,1,20,,8191,3,,,1,60,,8180,3,,,1,20,,8193,3,,,1,20,,8201,3,,,1,60,,8179,3,,,1,20,,8190,3,,,1,21,,8192,3,,,1,55,,8199,3,,,1,33,,8200,3,,,1,67,,8197,3,,,1,100,,8194,3,,,1,100,,8198,3,,,1,100,,8195,3,,,1
100001401,'Weekday-26',632,,8211,3,,,1,27,,8207,3,,,1,70,,8208,3,,,1,30,,8209,3,,,1,70,,8210,3,,,1,30,,8215,3,,,1,70,,8216,3,,,1,30,,8213,3,,,1,100,,8214,3,,,1,100,,8224,3,,,1,100,,8212,3,,,1,100,,8227,3,,,1,100,,8217,3,,,1,100,,8218,3,,,1,70,,8219,3,,,1,30,,8220,3,,,1,70,,8223,3,,,1,30,,8221,3,,,1,70,,8222,3,,,1,30,,8230,3,,,1,70,,8231,3,,,1,30,,8225,3,,,1,100,,8228,3,,,1,100,,8226,3,,,1,100,,8229,3,,,1
