21100,'Weekday-20',625,,7384,1,,,1,20,,7385,1,,,1,60,,7383,1,,,1
21100,'Weekday-25',625,,7387,1,,,1,20,,7388,1,,,1,60,,7386,1,,,1
100000300,'Weekday-20',603,,7399,16,4,,1,20,,7400,16,4,,1,20,,7401,16,4,,1,60,,7402,16,4,,1,20,,7403,16,4,,1,20,,7404,16,4,,1,60,,7405,16,4,,1,20,,7406,16,4,,1,20,,7407,16,4,,1,60,,7408,16,4,,1,651,,7409,16,4,,1,60,,7410,16,4,,1,20,,7411,16,4,,1,20,,7412,16,4,,1,60,,7413,16,4,,1,20,,7414,16,4,,1,20,,7415,16,4,,1,60,,7416,16,4,,1,20,,7418,16,4,,1,20,,7417,16,4,,1
100000300,'Weekday-25',603,,7419,16,4,,1,20,,7420,16,4,,1,20,,7421,16,4,,1,60,,7422,16,4,,1,20,,7423,16,4,,1,20,,7424,16,4,,1,60,,7425,16,4,,1,20,,7426,16,4,,1,20,,7427,16,4,,1,60,,7428,16,4,,1,651,,7429,16,4,,1,60,,7430,16,4,,1,20,,7431,16,4,,1,20,,7432,16,4,,1,60,,7433,16,4,,1,20,,7434,16,4,,1,20,,7435,16,4,,1,60,,7436,16,4,,1,20,,7438,16,4,,1,20,,7437,16,4,,1
100000300,'Weekday-26',625,,7444,16,4,,1,30,,7445,16,4,,1,70,,7446,16,4,,1,30,,7447,16,4,,1,70,,7448,16,4,,1,793,,7439,16,4,,1,30,,7440,16,4,,1,70,,7441,16,4,,1,30,,7442,16,4,,1,70,,7443,16,4,,1
100000400,'Saturday-21',630,,7456,1,,,1,26,,7456,37,4,,1,74,,7449,1,,,1,26,,7449,37,4,,1,74,,7457,1,,,1,26,,7457,37,4,,1,74,,7450,1,,,1,26,,7450,37,4,,1,74,,7453,1,,,1,26,,7453,37,4,,1,74,,7458,1,,,1,26,,7458,37,4,,1,74,,7451,1,,,1,26,,7451,37,4,,1,74,,7454,1,,,1,26,,7454,37,4,,1,74,,7459,1,,,1,26,,7459,37,4,,1,74,,7452,1,,,1,26,,7452,37,4,,1,74,,7455,1,,,1,26,,7455,37,4,,1,74,,7460,1,,,1,26,,7460,37,4,,1
100000400,'Saturday-23',630,,5857,1,,,1,26,,5857,37,4,,1,74,,5850,1,,,1,26,,5850,37,4,,1,74,,5858,1,,,1,26,,5858,37,4,,1,74,,5851,1,,,1,26,,5851,37,4,,1,74,,5854,1,,,1,26,,5854,37,4,,1,74,,5859,1,,,1,26,,5859,37,4,,1,74,,5852,1,,,1,26,,5852,37,4,,1,74,,5855,1,,,1,26,,5855,37,4,,1,74,,5860,1,,,1,26,,5860,37,4,,1,74,,5853,1,,,1,26,,5853,37,4,,1,74,,5856,1,,,1,26,,5856,37,4,,1,74,,5861,1,,,1,26,,5861,37,4,,1
100000400,'Weekday-20',603,,7482,14,4,,1,20,,7468,14,4,,1,20,,7473,14,4,,1,60,,7477,14,4,,1,7,,7469,37,4,,1,5,,7470,1,,,1,20,,7463,1,,,1,8,,7470,37,4,,1,12,,7471,1,,,1,48,,7463,37,4,,1,20,,7471,37,4,,1,13,,7472,1,,,1,65,,7472,37,4,,1,5,,7461,1,,,1,25,,7461,37,4,,1,75,,7475,1,,,1,25,,7475,37,4,,1,75,,7476,1,,,1,25,,7476,37,4,,1,75,,7464,1,,,1,25,,7464,37,4,,1,75,,7465,1,,,1,25,,7465,37,4,,1,4,,7466,1,,,1,67,,7466,37,4,,1,30,,7480,1,,,1,20,,7481,1,,,1,51,,7480,37,4,,1,23,,7481,37,4,,1,10,,7474,1,,,1,22,,7478,1,,,1,46,,7474,37,4,,1,12,,7462,1,,,1,10,,7478,37,4,,1,10,,7479,1,,,1,8,,7462,37,4,,1,12,,7484,1,,,1,48,,7479,37,4,,1,12,,7483,1,,,1,7,,7484,37,4,,1,13,,7485,1,,,1,8,,7483,37,4,,1,13,,7467,1,,,1,47,,7485,37,4,,1,14,,7486,1,,,1,5,,7467,37,4,,1,20,,7486,37,4,,1
100000400,'Weekday-25',603,,7507,14,4,,1,20,,7494,14,4,,1,20,,7499,14,4,,1,60,,7503,14,4,,1,7,,7495,37,4,,1,5,,7496,1,,,1,20,,7489,1,,,1,8,,7496,37,4,,1,12,,7497,1,,,1,48,,7489,37,4,,1,20,,7497,37,4,,1,13,,7498,1,,,1,65,,7498,37,4,,1,5,,7487,1,,,1,25,,7487,37,4,,1,75,,7501,1,,,1,25,,7501,37,4,,1,75,,7502,1,,,1,25,,7502,37,4,,1,75,,7490,1,,,1,25,,7490,37,4,,1,75,,7491,1,,,1,25,,7491,37,4,,1,4,,7492,1,,,1,67,,7492,37,4,,1,30,,7512,1,,,1,20,,7506,1,,,1,51,,7512,37,4,,1,23,,7506,37,4,,1,10,,7500,1,,,1,22,,7504,1,,,1,46,,7500,37,4,,1,12,,7488,1,,,1,10,,7504,37,4,,1,10,,7505,1,,,1,8,,7488,37,4,,1,12,,7509,1,,,1,48,,7505,37,4,,1,12,,7508,1,,,1,7,,7509,37,4,,1,13,,7510,1,,,1,8,,7508,37,4,,1,13,,7493,1,,,1,47,,7510,37,4,,1,14,,7511,1,,,1,5,,7493,37,4,,1,20,,7511,37,4,,1
100000400,'Weekday-26',657,,7522,1,,,1,67,,7522,37,4,,1,3,,7523,1,,,1,28,,7523,37,4,,1,2,,7524,1,,,1,68,,7524,37,4,,1,2,,7525,1,,,1,28,,7525,37,4,,1,75,,7521,1,,,1,25,,7521,37,4,,1,75,,7518,1,,,1,25,,7518,37,4,,1,75,,7519,1,,,1,25,,7519,37,4,,1,75,,7526,1,,,1,25,,7526,37,4,,1,75,,7520,1,,,1,25,,7520,37,4,,1,75,,7527,1,,,1,25,,7527,37,4,,1,2,,7528,1,,,1,68,,7528,37,4,,1,32,,7513,1,,,1,68,,7513,37,4,,1,2,,7514,1,,,1,28,,7514,37,4,,1,2,,7515,1,,,1,68,,7515,37,4,,1,2,,7516,1,,,1,28,,7516,37,4,,1,2,,7517,1,,,1,68,,7517,37,4,,1
100000501,'Saturday-21',628,,7541,32,4,,1,30,,7536,1,,,1,70,,7536,37,4,,1,30,,7529,1,,,1,70,,7529,37,4,,1,30,,7537,1,,,1,70,,7537,37,4,,1,30,,7530,1,,,1,70,,7530,37,4,,1,30,,7538,1,,,1,70,,7538,37,4,,1,30,,7531,1,,,1,70,,7531,37,4,,1,30,,7534,1,,,1,70,,7534,37,4,,1,30,,7539,1,,,1,70,,7539,37,4,,1,30,,7532,1,,,1,70,,7532,37,4,,1,30,,7535,1,,,1,70,,7535,37,4,,1,30,,7540,1,,,1,70,,7540,37,4,,1,30,,7533,1,,,1,70,,7533,37,4,,1
100000501,'Saturday-23',628,,5912,32,4,,1,30,,5907,1,,,1,70,,5907,37,4,,1,30,,5900,1,,,1,70,,5900,37,4,,1,30,,5908,1,,,1,70,,5908,37,4,,1,30,,5901,1,,,1,70,,5901,37,4,,1,30,,5909,1,,,1,70,,5909,37,4,,1,30,,5902,1,,,1,70,,5902,37,4,,1,30,,5905,1,,,1,70,,5905,37,4,,1,30,,5910,1,,,1,70,,5910,37,4,,1,30,,5903,1,,,1,70,,5903,37,4,,1,30,,5906,1,,,1,70,,5906,37,4,,1,30,,5911,1,,,1,70,,5911,37,4,,1,30,,5904,1,,,1,70,,5904,37,4,,1
100000501,'Weekday-20',543,,7542,32,4,,1,60,,7553,32,4,,1,20,,7560,32,4,,1,20,,7549,32,4,,1,12,,7548,1,,,1,48,,7556,32,4,,1,12,,7557,1,,,1,8,,7548,37,4,,1,12,,7567,1,,,1,8,,7557,37,4,,1,12,,7543,1,,,1,48,,7567,37,4,,1,20,,7543,37,4,,1,12,,7544,1,,,1,68,,7544,37,4,,1,32,,7545,1,,,1,68,,7545,37,4,,1,32,,7559,1,,,1,68,,7559,37,4,,1,32,,7563,1,,,1,68,,7563,37,4,,1,32,,7558,1,,,1,68,,7558,37,4,,1,32,,7561,1,,,1,68,,7561,37,4,,1,30,,7562,1,,,1,25,,7564,1,,,1,45,,7562,37,4,,1,27,,7564,37,4,,1,5,,7565,1,,,1,22,,7554,1,,,1,46,,7565,37,4,,1,12,,7550,1,,,1,10,,7554,37,4,,1,10,,7555,1,,,1,8,,7550,37,4,,1,12,,7551,1,,,1,48,,7555,37,4,,1,12,,7547,1,,,1,8,,7551,37,4,,1,12,,7552,1,,,1,8,,7547,37,4,,1,12,,7566,1,,,1,48,,7552,37,4,,1,12,,7546,1,,,1,8,,7566,37,4,,1,20,,7546,37,4,,1
100000501,'Weekday-25',543,,7568,32,4,,1,60,,7577,32,4,,1,20,,7583,32,4,,1,20,,7582,32,4,,1,12,,7589,1,,,1,48,,7586,32,4,,1,12,,7593,1,,,1,8,,7589,37,4,,1,12,,7588,1,,,1,8,,7593,37,4,,1,12,,7569,1,,,1,48,,7588,37,4,,1,20,,7569,37,4,,1,12,,7570,1,,,1,68,,7570,37,4,,1,32,,7571,1,,,1,68,,7571,37,4,,1,32,,7581,1,,,1,68,,7581,37,4,,1,32,,7592,1,,,1,68,,7592,37,4,,1,32,,7580,1,,,1,68,,7580,37,4,,1,32,,7590,1,,,1,68,,7590,37,4,,1,30,,7591,1,,,1,25,,7584,1,,,1,45,,7591,37,4,,1,27,,7584,37,4,,1,5,,7585,1,,,1,22,,7578,1,,,1,46,,7585,37,4,,1,12,,7574,1,,,1,10,,7578,37,4,,1,10,,7579,1,,,1,8,,7574,37,4,,1,12,,7575,1,,,1,48,,7579,37,4,,1,12,,7573,1,,,1,8,,7575,37,4,,1,12,,7576,1,,,1,8,,7573,37,4,,1,12,,7587,1,,,1,48,,7576,37,4,,1,12,,7572,1,,,1,8,,7587,37,4,,1,20,,7572,37,4,,1
100000501,'Weekday-26',555,,7594,32,4,,1,70,,7595,32,4,,1,30,,7602,32,4,,1,2,,7603,1,,,1,68,,7603,37,4,,1,2,,7604,1,,,1,28,,7604,37,4,,1,2,,7605,1,,,1,68,,7605,37,4,,1,2,,7606,1,,,1,28,,7606,37,4,,1,2,,7607,1,,,1,68,,7607,37,4,,1,32,,7608,1,,,1,68,,7608,37,4,,1,32,,7596,1,,,1,68,,7596,37,4,,1,32,,7597,1,,,1,68,,7597,37,4,,1,32,,7609,1,,,1,68,,7609,37,4,,1,32,,7612,1,,,1,68,,7612,37,4,,1,32,,7601,1,,,1,68,,7601,37,4,,1,30,,7610,32,4,,1,2,,7611,1,,,1,68,,7611,37,4,,1,32,,7598,1,,,1,68,,7598,37,4,,1,2,,7599,1,,,1,28,,7599,37,4,,1,2,,7600,1,,,1,68,,7600,37,4,,1
100000600,'Saturday-21',613,,7613,27,4,,1,100,,7614,27,4,,1,100,,7615,27,4,,1,100,,7616,27,4,,1,100,,7617,27,4,,1,100,,7618,27,4,,1,100,,7619,27,4,,1,100,,7620,27,4,,1,100,,7621,27,4,,1,100,,7622,27,4,,1,100,,7623,27,4,,1,100,,7624,27,4,,1,100,,7625,27,4,,1
100000600,'Saturday-23',613,,5952,27,4,,1,100,,5953,27,4,,1,100,,5954,27,4,,1,100,,5955,27,4,,1,100,,5956,27,4,,1,100,,5957,27,4,,1,100,,5958,27,4,,1,100,,5959,27,4,,1,100,,5960,27,4,,1,100,,5961,27,4,,1,100,,5962,27,4,,1,100,,5963,27,4,,1,100,,5964,27,4,,1
100000600,'Weekday-20',603,,7628,27,4,,1,20,,7627,27,4,,1,20,,7629,27,4,,1,60,,7635,27,4,,1,20,,7631,27,4,,1,20,,7634,27,4,,1,60,,7630,27,4,,1,20,,7639,27,4,,1,80,,7648,27,4,,1,100,,7636,27,4,,1,100,,7626,27,4,,1,100,,7633,27,4,,1,100,,7637,27,4,,1,100,,7647,27,4,,1,100,,7638,27,4,,1,20,,7632,27,4,,1,80,,7640,27,4,,1,20,,7649,27,4,,1,20,,7644,27,4,,1,60,,7641,27,4,,1,20,,7642,27,4,,1,20,,7646,27,4,,1,60,,7645,27,4,,1,40,,7643,27,4,,1
100000600,'Weekday-25',603,,7652,27,4,,1,20,,7651,27,4,,1,20,,7653,27,4,,1,60,,7659,27,4,,1,20,,7655,27,4,,1,20,,7658,27,4,,1,60,,7654,27,4,,1,20,,7663,27,4,,1,80,,7672,27,4,,1,100,,7660,27,4,,1,100,,7650,27,4,,1,100,,7657,27,4,,1,100,,7661,27,4,,1,100,,7671,27,4,,1,100,,7662,27,4,,1,20,,7656,27,4,,1,80,,7664,27,4,,1,20,,7673,27,4,,1,20,,7668,27,4,,1,60,,7665,27,4,,1,20,,7666,27,4,,1,20,,7670,27,4,,1,60,,7669,27,4,,1,40,,7667,27,4,,1
100000600,'Weekday-26',557,,7688,27,4,,1,70,,7689,27,4,,1,30,,7686,27,4,,1,70,,7682,27,4,,1,30,,7687,27,4,,1,70,,7683,27,4,,1,100,,7684,27,4,,1,100,,7690,27,4,,1,100,,7685,27,4,,1,100,,7691,27,4,,1,100,,7680,27,4,,1,100,,7692,27,4,,1,100,,7681,27,4,,1,30,,7676,27,4,,1,70,,7677,27,4,,1,30,,7674,27,4,,1,70,,7678,27,4,,1,30,,7675,27,4,,1,70,,7679,27,4,,1
100000601,'Saturday-21',615,,7693,1,,,1,100,,7694,1,,,1,100,,7695,1,,,1,100,,7696,1,,,1,100,,7697,1,,,1,100,,7698,1,,,1,100,,7699,1,,,1,100,,7700,1,,,1,100,,7701,1,,,1,100,,7702,1,,,1,100,,7703,1,,,1,100,,7704,1,,,1,100,,7705,1,,,1
100000601,'Saturday-23',615,,6002,1,,,1,100,,6003,1,,,1,100,,6004,1,,,1,100,,6005,1,,,1,100,,6006,1,,,1,100,,6007,1,,,1,100,,6008,1,,,1,100,,6009,1,,,1,100,,6010,1,,,1,100,,6011,1,,,1,100,,6012,1,,,1,100,,6013,1,,,1,100,,6014,1,,,1
100000601,'Weekday-20',755,,7722,1,,,1,80,,7711,1,,,1,100,,7706,1,,,1,100,,7708,1,,,1,100,,7712,1,,,1,102,,7721,1,,,1,100,,7713,1,,,1,100,,7709,1,,,1,22,,7714,1,,,1,76,,7719,1,,,1,22,,7715,1,,,1,58,,7717,1,,,1,20,,7720,1,,,1,20,,7718,1,,,1,61,,7723,1,,,1,20,,7716,1,,,1,21,,7710,1,,,1,61,,7707,1,,,1
100000601,'Weekday-25',755,,7740,1,,,1,80,,7729,1,,,1,100,,7725,1,,,1,100,,7727,1,,,1,100,,7730,1,,,1,102,,7739,1,,,1,100,,7731,1,,,1,100,,7728,1,,,1,22,,7732,1,,,1,76,,7737,1,,,1,22,,7733,1,,,1,58,,7735,1,,,1,20,,7738,1,,,1,20,,7736,1,,,1,61,,7741,1,,,1,20,,7734,1,,,1,21,,7724,1,,,1,61,,7726,1,,,1
100000601,'Weekday-26',657,,7755,1,,,1,70,,7752,1,,,1,30,,7756,1,,,1,70,,7753,1,,,1,30,,7742,1,,,1,100,,7754,1,,,1,100,,7757,1,,,1,100,,7751,1,,,1,100,,7747,1,,,1,100,,7750,1,,,1,100,,7745,1,,,1,100,,7746,1,,,1,70,,7749,1,,,1,30,,7744,1,,,1,70,,7748,1,,,1,30,,7743,1,,,1
100000700,'Saturday-21',658,,7758,32,4,,1,100,,7759,32,4,,1,100,,7760,32,4,,1,100,,7761,32,4,,1,100,,7766,32,4,,1,100,,7762,32,4,,1,100,,7767,32,4,,1,100,,7763,32,4,,1,100,,7768,32,4,,1,100,,7764,32,4,,1,100,,7769,32,4,,1,100,,7765,32,4,,1
100000700,'Saturday-23',658,,6046,32,4,,1,100,,6047,32,4,,1,100,,6048,32,4,,1,100,,6049,32,4,,1,100,,6054,32,4,,1,100,,6050,32,4,,1,100,,6055,32,4,,1,100,,6051,32,4,,1,100,,6056,32,4,,1,100,,6052,32,4,,1,100,,6057,32,4,,1,100,,6053,32,4,,1
100000700,'Weekday-20',603,,7771,24,4,,1,20,,7773,24,4,,1,20,,7775,24,4,,1,60,,7777,24,4,,1,20,,7783,32,4,,1,20,,7776,32,4,,1,60,,7772,32,4,,1,20,,7778,32,4,,1,80,,7779,32,4,,1,100,,7774,32,4,,1,100,,7780,32,4,,1,100,,7770,32,4,,1,100,,7782,32,4,,1,100,,7781,32,4,,1
100000700,'Weekday-25',603,,7785,24,4,,1,20,,7787,24,4,,1,20,,7789,24,4,,1,60,,7791,24,4,,1,20,,7796,32,4,,1,20,,7790,32,4,,1,60,,7786,32,4,,1,20,,7792,32,4,,1,80,,7793,32,4,,1,100,,7788,32,4,,1,100,,7794,32,4,,1,100,,7784,32,4,,1,100,,7797,32,4,,1,100,,7795,32,4,,1
100000700,'Weekday-26',555,,7817,24,4,,1,70,,7816,24,4,,1,30,,7809,24,4,,1,70,,7810,32,4,,1,30,,7811,32,4,,1,70,,7812,32,4,,1,30,,7813,32,4,,1,70,,7814,32,4,,1,100,,7815,32,4,,1,100,,7798,32,4,,1,100,,7799,32,4,,1,100,,7801,32,4,,1,100,,7800,32,4,,1,100,,7802,32,4,,1,30,,7803,32,4,,1,70,,7804,32,4,,1,30,,7805,32,4,,1,70,,7806,32,4,,1,30,,7807,32,4,,1,70,,7808,32,4,,1
100000801,'Saturday-21',626,,7830,28,4,,1,100,,7818,34,4,,1,100,,7819,34,4,,1,100,,7820,34,4,,1,100,,7821,34,4,,1,100,,7822,34,4,,1,100,,7823,34,4,,1,100,,7824,34,4,,1,100,,7825,34,4,,1,100,,7826,34,4,,1,100,,7827,34,4,,1,100,,7828,34,4,,1,100,,7829,34,4,,1
100000801,'Saturday-23',626,,6097,28,4,,1,100,,6085,34,4,,1,100,,6086,34,4,,1,100,,6087,34,4,,1,100,,6088,34,4,,1,100,,6089,34,4,,1,100,,6090,34,4,,1,100,,6091,34,4,,1,100,,6092,34,4,,1,100,,6093,34,4,,1,100,,6094,34,4,,1,100,,6095,34,4,,1,100,,6096,34,4,,1
100000801,'Weekday-20',902,,7838,34,4,,1,100,,7847,34,4,,1,100,,7844,34,4,,1,100,,7833,34,4,,1,100,,7839,34,4,,1,100,,7845,34,4,,1,100,,7846,34,4,,1,24,,7831,34,4,,1,76,,7832,34,4,,1,20,,7841,34,4,,1,20,,7834,34,4,,1,61,,7840,34,4,,1,19,,7835,34,4,,1,21,,7836,34,4,,1,60,,7843,34,4,,1,22,,7837,34,4,,1,19,,7842,34,4,,1
100000801,'Weekday-25',902,,7854,34,4,,1,100,,7864,34,4,,1,100,,7860,34,4,,1,100,,7849,34,4,,1,100,,7855,34,4,,1,100,,7862,34,4,,1,100,,7863,34,4,,1,24,,7848,34,4,,1,76,,7861,34,4,,1,20,,7857,34,4,,1,20,,7850,34,4,,1,61,,7856,34,4,,1,19,,7851,34,4,,1,21,,7852,34,4,,1,60,,7859,34,4,,1,22,,7853,34,4,,1,19,,7858,34,4,,1
100000801,'Weekday-26',955,,7868,34,4,,1,100,,7867,34,4,,1,100,,7865,34,4,,1,100,,7866,34,4,,1,100,,7869,34,4,,1,70,,7870,34,4,,1,30,,7871,34,4,,1,70,,7872,34,4,,1,30,,7873,34,4,,1,70,,7874,34,4,,1,30,,7875,34,4,,1,70,,7876,34,4,,1,30,,7877,34,4,,1,70,,7878,34,4,,1
100001400,'Saturday-21',628,,7971,13,4,,1,100,,7962,13,4,,1,100,,7972,13,4,,1,100,,7963,13,4,,1,100,,7973,13,4,,1,100,,7964,13,4,,1,100,,7974,13,4,,1,100,,7965,13,4,,1,100,,7975,13,4,,1,100,,7966,13,4,,1,100,,7976,13,4,,1,100,,7967,13,4,,1,100,,7977,13,4,,1,100,,7968,13,4,,1,100,,7978,13,4,,1,100,,7969,13,4,,1,96,,7979,13,4,,1,100,,7970,13,4,,1
100001400,'Saturday-23',628,,6171,13,4,,1,100,,6162,13,4,,1,100,,6172,13,4,,1,100,,6163,13,4,,1,100,,6173,13,4,,1,100,,6164,13,4,,1,100,,6174,13,4,,1,100,,6165,13,4,,1,100,,6175,13,4,,1,100,,6166,13,4,,1,100,,6176,13,4,,1,100,,6167,13,4,,1,100,,6177,13,4,,1,100,,6168,13,4,,1,100,,6178,13,4,,1,100,,6169,13,4,,1,96,,6179,13,4,,1,100,,6170,13,4,,1
100001400,'Sunday-22',628,,7986,13,4,,1,100,,7980,13,4,,1,100,,7987,13,4,,1,100,,7981,13,4,,1,100,,7988,13,4,,1,100,,7982,13,4,,1,100,,7989,13,4,,1,100,,7983,13,4,,1,100,,7990,13,4,,1,100,,7984,13,4,,1,100,,7991,13,4,,1,100,,7985,13,4,,1,100,,7992,13,4,,1
100001400,'Sunday-62',628,,7999,13,4,,1,100,,7993,13,4,,1,100,,8000,13,4,,1,100,,7994,13,4,,1,100,,8001,13,4,,1,100,,7995,13,4,,1,100,,8002,13,4,,1,100,,7996,13,4,,1,100,,8003,13,4,,1,100,,7997,13,4,,1,100,,8004,13,4,,1,100,,7998,13,4,,1,100,,8005,13,4,,1
100001400,'Weekday-20',542,,8007,13,4,,1,60,,8009,13,4,,1,20,,8021,13,4,,1,20,,8010,13,4,,1,60,,8022,13,4,,1,20,,8008,13,4,,1,21,,8020,13,4,,1,60,,8014,13,4,,1,20,,8015,13,4,,1,80,,8016,13,4,,1,30,,8019,13,4,,1,100,,8017,13,4,,1,100,,8006,13,4,,1,100,,8036,13,4,,1,100,,8037,13,4,,1,100,,8018,13,4,,1,93,,8040,13,4,,1,21,,8023,13,4,,1,56,,8030,13,4,,1,20,,8038,13,4,,1,20,,8011,13,4,,1,60,,8039,13,4,,1,20,,8025,13,4,,1,20,,8013,13,4,,1,60,,8027,13,4,,1,20,,8035,13,4,,1,20,,8012,13,4,,1,60,,8024,13,4,,1,21,,8026,13,4,,1,19,,8031,13,4,,1,69,,8034,13,4,,1,31,,8032,13,4,,1,100,,8028,13,4,,1,100,,8033,13,4,,1,100,,8029,13,4,,1
100001400,'Weekday-25',542,,8042,13,4,,1,60,,8044,13,4,,1,20,,8056,13,4,,1,20,,8045,13,4,,1,60,,8057,13,4,,1,20,,8043,13,4,,1,21,,8055,13,4,,1,60,,8049,13,4,,1,20,,8050,13,4,,1,80,,8051,13,4,,1,30,,8054,13,4,,1,100,,8052,13,4,,1,100,,8041,13,4,,1,100,,8071,13,4,,1,100,,8072,13,4,,1,100,,8053,13,4,,1,93,,8075,13,4,,1,21,,8058,13,4,,1,56,,8065,13,4,,1,20,,8073,13,4,,1,20,,8046,13,4,,1,60,,8074,13,4,,1,20,,8060,13,4,,1,20,,8048,13,4,,1,60,,8062,13,4,,1,20,,8070,13,4,,1,20,,8047,13,4,,1,60,,8059,13,4,,1,21,,8061,13,4,,1,19,,8066,13,4,,1,69,,8069,13,4,,1,31,,8067,13,4,,1,100,,8063,13,4,,1,100,,8068,13,4,,1,100,,8064,13,4,,1
100001400,'Weekday-26',557,,8076,13,4,,1,70,,8077,13,4,,1,30,,8078,13,4,,1,70,,8079,13,4,,1,30,,8080,13,4,,1,70,,8081,13,4,,1,100,,8085,13,4,,1,100,,8083,13,4,,1,100,,8084,13,4,,1,100,,8094,13,4,,1,100,,8082,13,4,,1,100,,8097,13,4,,1,100,,8086,13,4,,1,30,,8092,13,4,,1,70,,8087,13,4,,1,30,,8088,13,4,,1,70,,8089,13,4,,1,30,,8093,13,4,,1,70,,8090,13,4,,1,100,,8101,13,4,,1,100,,8095,13,4,,1,100,,8098,13,4,,1,100,,8096,13,4,,1,100,,8099,13,4,,1
100001401,'Saturday-21',700,,8102,1,,,1,100,,8111,1,,,1,100,,8103,1,,,1,100,,8112,1,,,1,100,,8104,1,,,1,100,,8113,1,,,1,100,,8105,1,,,1,100,,8114,1,,,1,100,,8106,1,,,1,100,,8115,1,,,1,100,,8107,1,,,1,100,,8116,1,,,1,100,,8108,1,,,1,100,,8117,1,,,1,100,,8110,1,,,1,55,,8118,1,,,1,100,,8109,1,,,1
100001401,'Saturday-23',700,,6259,1,,,1,100,,6268,1,,,1,100,,6260,1,,,1,100,,6269,1,,,1,100,,6261,1,,,1,100,,6270,1,,,1,100,,6262,1,,,1,100,,6271,1,,,1,100,,6263,1,,,1,100,,6272,1,,,1,100,,6264,1,,,1,100,,6273,1,,,1,100,,6265,1,,,1,100,,6274,1,,,1,100,,6267,1,,,1,55,,6275,1,,,1,100,,6266,1,,,1
100001401,'Sunday-22',700,,8119,1,,,1,100,,8125,1,,,1,100,,8120,1,,,1,100,,8126,1,,,1,100,,8121,1,,,1,100,,8127,1,,,1,100,,8122,1,,,1,100,,8128,1,,,1,100,,8123,1,,,1,100,,8129,1,,,1,100,,8124,1,,,1,100,,8130,1,,,1
100001401,'Sunday-62',700,,8131,1,,,1,100,,8137,1,,,1,100,,8132,1,,,1,100,,8138,1,,,1,100,,8133,1,,,1,100,,8139,1,,,1,100,,8134,1,,,1,100,,8140,1,,,1,100,,8135,1,,,1,100,,8141,1,,,1,100,,8136,1,,,1,100,,8142,1,,,1
100001401,'Weekday-20',605,,8145,1,,,1,20,,8156,1,,,1,20,,8144,1,,,1,71,,8155,1,,,1,20,,8149,1,,,1,20,,8152,1,,,1,80,,8153,1,,,1,68,,8154,1,,,1,100,,8150,1,,,1,100,,8143,1,,,1,100,,8171,1,,,1,100,,8170,1,,,1,100,,8151,1,,,1,53,,8174,1,,,1,58,,8157,1,,,1,21,,8164,1,,,1,20,,8172,1,,,1,60,,8146,1,,,1,20,,8173,1,,,1,20,,8159,1,,,1,60,,8148,1,,,1,20,,8161,1,,,1,20,,8169,1,,,1,60,,8147,1,,,1,20,,8158,1,,,1,21,,8160,1,,,1,55,,8167,1,,,1,33,,8168,1,,,1,67,,8165,1,,,1,100,,8162,1,,,1,100,,8166,1,,,1,100,,8163,1,,,1
100001401,'Weekday-25',605,,8177,1,,,1,20,,8188,1,,,1,20,,8176,1,,,1,71,,8187,1,,,1,20,,8181,1,,,1,20,,8184,1,,,1,80,,8185,1,,,1,68,,8186,1,,,1,100,,8182,1,,,1,100,,8175,1,,,1,100,,8203,1,,,1,100,,8202,1,,,1,100,,8183,1,,,1,53,,8206,1,,,1,58,,8189,1,,,1,21,,8196,1,,,1,20,,8204,1,,,1,60,,8178,1,,,1,20,,8205,1,,,1,20,,8191,1,,,1,60,,8180,1,,,1,20,,8193,1,,,1,20,,8201,1,,,1,60,,8179,1,,,1,20,,8190,1,,,1,21,,8192,1,,,1,55,,8199,1,,,1,33,,8200,1,,,1,67,,8197,1,,,1,100,,8194,1,,,1,100,,8198,1,,,1,100,,8195,1,,,1
100001401,'Weekday-26',630,,8211,1,,,1,27,,8207,1,,,1,70,,8208,1,,,1,30,,8209,1,,,1,70,,8210,1,,,1,30,,8215,1,,,1,70,,8216,1,,,1,30,,8213,1,,,1,100,,8214,1,,,1,100,,8224,1,,,1,100,,8212,1,,,1,100,,8227,1,,,1,100,,8217,1,,,1,100,,8218,1,,,1,70,,8219,1,,,1,30,,8220,1,,,1,70,,8223,1,,,1,30,,8221,1,,,1,70,,8222,1,,,1,30,,8230,1,,,1,70,,8231,1,,,1,30,,8225,1,,,1,100,,8228,1,,,1,100,,8226,1,,,1,100,,8229,1,,,1
