100000300,'Weekday-20',544,,7399,1,,,1,60,,7400,1,,,1,20,,7401,1,,,1,20,,7402,1,,,1,60,,7403,1,,,1,20,,7404,1,,,1,20,,7405,1,,,1,60,,7406,1,,,1,20,,7407,1,,,1,20,,7408,1,,,1,691,,7409,1,,,1,20,,7410,1,,,1,60,,7411,1,,,1,20,,7412,1,,,1,20,,7413,1,,,1,60,,7414,1,,,1,20,,7415,1,,,1,20,,7416,1,,,1,60,,7418,1,,,1,20,,7417,1,,,1
100000300,'Weekday-25',544,,7419,1,,,1,60,,7420,1,,,1,20,,7421,1,,,1,20,,7422,1,,,1,60,,7423,1,,,1,20,,7424,1,,,1,20,,7425,1,,,1,60,,7426,1,,,1,20,,7427,1,,,1,20,,7428,1,,,1,691,,7429,1,,,1,20,,7430,1,,,1,60,,7431,1,,,1,20,,7432,1,,,1,20,,7433,1,,,1,60,,7434,1,,,1,20,,7435,1,,,1,20,,7436,1,,,1,60,,7438,1,,,1,20,,7437,1,,,1
100000300,'Weekday-26',606,,7444,1,,,1,30,,7445,1,,,1,70,,7446,1,,,1,30,,7447,1,,,1,70,,7448,1,,,1,753,,7439,1,,,1,70,,7440,1,,,1,30,,7441,1,,,1,70,,7442,1,,,1,30,,7443,1,,,1
100000700,'Saturday-21',628,,7758,1,,,1,100,,7759,1,,,1,100,,7760,1,,,1,100,,7761,1,,,1,100,,7766,1,,,1,100,,7762,1,,,1,100,,7767,1,,,1,100,,7763,1,,,1,100,,7768,1,,,1,100,,7764,1,,,1,100,,7769,1,,,1,100,,7765,1,,,1
100000700,'Saturday-23',628,,6046,1,,,1,100,,6047,1,,,1,100,,6048,1,,,1,100,,6049,1,,,1,100,,6054,1,,,1,100,,6050,1,,,1,100,,6055,1,,,1,100,,6051,1,,,1,100,,6056,1,,,1,100,,6052,1,,,1,100,,6057,1,,,1,100,,6053,1,,,1
100000700,'Weekday-20',655,,7783,1,,,1,60,,7776,1,,,1,20,,7772,1,,,1,20,,7778,1,,,1,80,,7779,1,,,1,100,,7774,1,,,1,100,,7780,1,,,1,100,,7770,1,,,1,100,,7782,1,,,1,100,,7781,1,,,1
100000700,'Weekday-25',655,,7796,1,,,1,60,,7790,1,,,1,20,,7786,1,,,1,20,,7792,1,,,1,80,,7793,1,,,1,100,,7788,1,,,1,100,,7794,1,,,1,100,,7784,1,,,1,100,,7797,1,,,1,100,,7795,1,,,1
100000700,'Weekday-26',657,,7810,1,,,1,70,,7811,1,,,1,30,,7812,1,,,1,70,,7813,1,,,1,30,,7814,1,,,1,100,,7815,1,,,1,100,,7798,1,,,1,100,,7799,1,,,1,100,,7801,1,,,1,100,,7800,1,,,1,100,,7802,1,,,1,70,,7803,1,,,1,30,,7804,1,,,1,70,,7805,1,,,1,30,,7806,1,,,1,70,,7807,1,,,1,30,,7808,1,,,1
100000801,'Saturday-21',700,,7818,1,,,1,100,,7819,1,,,1,100,,7820,1,,,1,100,,7821,1,,,1,100,,7822,1,,,1,100,,7823,1,,,1,100,,7824,1,,,1,100,,7825,1,,,1,100,,7826,1,,,1,100,,7827,1,,,1,100,,7828,1,,,1,100,,7829,1,,,1
100000801,'Saturday-23',700,,6085,1,,,1,100,,6086,1,,,1,100,,6087,1,,,1,100,,6088,1,,,1,100,,6089,1,,,1,100,,6090,1,,,1,100,,6091,1,,,1,100,,6092,1,,,1,100,,6093,1,,,1,100,,6094,1,,,1,100,,6095,1,,,1,100,,6096,1,,,1
100000801,'Weekday-20',837,,7838,1,,,1,100,,7847,1,,,1,100,,7844,1,,,1,100,,7833,1,,,1,100,,7839,1,,,1,100,,7845,1,,,1,100,,7846,1,,,1,21,,7831,1,,,1,76,,7832,1,,,1,20,,7841,1,,,1,60,,7834,1,,,1,21,,7840,1,,,1,19,,7835,1,,,1,62,,7836,1,,,1,19,,7843,1,,,1,22,,7837,1,,,1,59,,7842,1,,,1
100000801,'Weekday-25',837,,7854,1,,,1,100,,7864,1,,,1,100,,7860,1,,,1,100,,7849,1,,,1,100,,7855,1,,,1,100,,7862,1,,,1,100,,7863,1,,,1,21,,7848,1,,,1,76,,7861,1,,,1,20,,7857,1,,,1,60,,7850,1,,,1,21,,7856,1,,,1,19,,7851,1,,,1,62,,7852,1,,,1,19,,7859,1,,,1,22,,7853,1,,,1,59,,7858,1,,,1
100000801,'Weekday-26',930,,7868,1,,,1,100,,7867,1,,,1,100,,7865,1,,,1,100,,7866,1,,,1,100,,7869,1,,,1,27,,7870,1,,,1,73,,7871,1,,,1,27,,7872,1,,,1,70,,7873,1,,,1,30,,7874,1,,,1,70,,7875,1,,,1,30,,7876,1,,,1,70,,7877,1,,,1,30,,7878,1,,,1
