100000501,'Saturday-21',607,,7541,9,,,1,100,,7536,14,,,1,100,,7529,14,,,1,100,,7537,14,,,1,100,,7530,14,,,1,100,,7538,14,,,1,100,,7531,14,,,1,100,,7534,14,,,1,100,,7539,14,,,1,100,,7532,14,,,1,100,,7535,14,,,1,100,,7540,14,,,1,100,,7533,14,,,1
100000501,'Saturday-23',607,,5912,9,,,1,100,,5907,14,,,1,100,,5900,14,,,1,100,,5908,14,,,1,100,,5901,14,,,1,100,,5909,14,,,1,100,,5902,14,,,1,100,,5905,14,,,1,100,,5910,14,,,1,100,,5903,14,,,1,100,,5906,14,,,1,100,,5911,14,,,1,100,,5904,14,,,1
100000501,'Weekday-20',522,,7542,9,,,1,20,,7553,9,,,1,60,,7560,9,,,1,20,,7549,9,,,1,20,,7556,9,,,1,62,,7548,14,,,1,18,,7557,14,,,1,20,,7567,14,,,1,63,,7543,14,,,1,40,,7544,14,,,1,99,,7545,14,,,1,100,,7559,14,,,1,100,,7563,14,,,1,100,,7558,14,,,1,100,,7561,14,,,1,99,,7562,14,,,1,65,,7564,14,,,1,37,,7565,14,,,1,62,,7554,14,,,1,18,,7550,14,,,1,20,,7555,14,,,1,60,,7551,14,,,1,19,,7547,14,,,1,20,,7552,14,,,1,61,,7566,14,,,1,20,,7546,14,,,1
100000501,'Weekday-25',522,,7568,9,,,1,20,,7577,9,,,1,60,,7583,9,,,1,20,,7582,9,,,1,20,,7586,9,,,1,62,,7589,14,,,1,18,,7593,14,,,1,20,,7588,14,,,1,63,,7569,14,,,1,40,,7570,14,,,1,99,,7571,14,,,1,100,,7581,14,,,1,100,,7592,14,,,1,100,,7580,14,,,1,100,,7590,14,,,1,99,,7591,14,,,1,65,,7584,14,,,1,37,,7585,14,,,1,62,,7578,14,,,1,18,,7574,14,,,1,20,,7579,14,,,1,60,,7575,14,,,1,19,,7573,14,,,1,20,,7576,14,,,1,61,,7587,14,,,1,20,,7572,14,,,1
100000501,'Weekday-26',534,,7594,9,,,1,70,,7595,9,,,1,30,,7602,9,,,1,72,,7603,14,,,1,28,,7604,14,,,1,73,,7605,14,,,1,30,,7606,14,,,1,69,,7607,14,,,1,100,,7608,14,,,1,100,,7596,14,,,1,100,,7597,14,,,1,100,,7609,14,,,1,100,,7612,14,,,1,101,,7601,14,,,1,29,,7610,9,,,1,71,,7611,14,,,1,100,,7598,14,,,1,29,,7599,14,,,1,71,,7600,14,,,1
100000601,'Saturday-21',631,,7693,16,,,1,100,,7694,16,,,1,100,,7695,16,,,1,100,,7696,16,,,1,100,,7697,16,,,1,100,,7698,16,,,1,100,,7699,16,,,1,100,,7700,16,,,1,100,,7701,16,,,1,100,,7702,16,,,1,100,,7703,16,,,1,100,,7704,16,,,1,100,,7705,16,,,1
100000601,'Saturday-23',631,,6002,16,,,1,100,,6003,16,,,1,100,,6004,16,,,1,100,,6005,16,,,1,100,,6006,16,,,1,100,,6007,16,,,1,100,,6008,16,,,1,100,,6009,16,,,1,100,,6010,16,,,1,100,,6011,16,,,1,100,,6012,16,,,1,100,,6013,16,,,1,100,,6014,16,,,1
100000601,'Weekday-20',811,,7722,16,,,1,40,,7711,16,,,1,100,,7706,16,,,1,100,,7708,16,,,1,100,,7712,16,,,1,102,,7721,16,,,1,100,,7713,16,,,1,100,,7709,16,,,1,62,,7714,16,,,1,36,,7719,16,,,1,62,,7715,16,,,1,18,,7717,16,,,1,20,,7720,16,,,1,60,,7718,16,,,1,21,,7723,16,,,1,20,,7716,16,,,1,61,,7710,16,,,1,21,,7707,16,,,1
100000601,'Weekday-25',811,,7740,16,,,1,40,,7729,16,,,1,100,,7725,16,,,1,100,,7727,16,,,1,100,,7730,16,,,1,102,,7739,16,,,1,100,,7731,16,,,1,100,,7728,16,,,1,62,,7732,16,,,1,36,,7737,16,,,1,62,,7733,16,,,1,18,,7735,16,,,1,20,,7738,16,,,1,60,,7736,16,,,1,21,,7741,16,,,1,20,,7734,16,,,1,61,,7724,16,,,1,21,,7726,16,,,1
100000601,'Weekday-26',713,,7755,16,,,1,30,,7752,16,,,1,70,,7756,16,,,1,30,,7753,16,,,1,70,,7742,16,,,1,100,,7754,16,,,1,100,,7757,16,,,1,100,,7751,16,,,1,100,,7747,16,,,1,100,,7750,16,,,1,100,,7745,16,,,1,100,,7746,16,,,1,30,,7749,16,,,1,70,,7744,16,,,1,30,,7748,16,,,1,70,,7743,16,,,1
