20100,'Saturday-21',534,,6664,5,0,5,1,100,,6676,5,0,5,1,100,,6669,5,0,5,1,100,,6680,5,0,5,1,100,,6668,5,0,5,1,100,,6679,5,0,5,1,100,,6672,5,0,5,1,100,,6678,5,0,5,1,100,,6666,5,0,5,1,100,,6675,5,0,5,1,100,,6673,5,0,5,1,100,,6677,5,0,5,1,100,,6671,5,0,5,1,100,,6674,5,0,5,1,100,,6665,5,0,5,1,100,,6682,5,0,5,1,100,,6670,5,0,5,1,100,,6681,5,0,5,1,100,,6667,5,0,5,1
20100,'Saturday-23',534,,5431,5,0,5,1,100,,5443,5,0,5,1,100,,5436,5,0,5,1,100,,5447,5,0,5,1,100,,5435,5,0,5,1,100,,5446,5,0,5,1,100,,5439,5,0,5,1,100,,5445,5,0,5,1,100,,5433,5,0,5,1,100,,5442,5,0,5,1,100,,5440,5,0,5,1,100,,5444,5,0,5,1,100,,5438,5,0,5,1,100,,5441,5,0,5,1,100,,5432,5,0,5,1,100,,5449,5,0,5,1,100,,5437,5,0,5,1,100,,5448,5,0,5,1,100,,5434,5,0,5,1
20100,'Sunday-22',534,,6686,5,0,5,1,100,,6692,5,0,5,1,100,,6684,5,0,5,1,100,,6691,5,0,5,1,100,,6685,5,0,5,1,100,,6695,5,0,5,1,100,,6688,5,0,5,1,100,,6693,5,0,5,1,100,,6687,5,0,5,1,100,,6696,5,0,5,1,100,,6689,5,0,5,1,100,,6694,5,0,5,1,100,,6683,5,0,5,1,100,,6690,5,0,5,1
20100,'Sunday-62',534,,6700,5,0,5,1,100,,6706,5,0,5,1,100,,6698,5,0,5,1,100,,6705,5,0,5,1,100,,6699,5,0,5,1,100,,6709,5,0,5,1,100,,6702,5,0,5,1,100,,6707,5,0,5,1,100,,6701,5,0,5,1,100,,6710,5,0,5,1,100,,6703,5,0,5,1,100,,6708,5,0,5,1,100,,6697,5,0,5,1,100,,6704,5,0,5,1
20100,'Weekday-20',524,,6728,5,0,5,1,25,,6734,5,0,5,1,60,,6738,5,0,5,1,20,,6715,5,0,5,1,20,,6729,5,0,5,1,60,,6741,5,,,1,20,,6735,5,,,1,20,,6739,5,0,5,1,60,,6742,5,,,1,20,,6726,5,,,1,80,,6736,5,,,1,100,,6732,5,,,1,100,,6727,5,,,1,100,,6733,5,,,1,100,,6737,5,0,5,1,100,,6724,5,0,5,1,100,,6716,5,0,5,1,23,,6743,5,0,5,1,77,,6725,5,0,5,1,22,,6740,5,,,1,18,,6711,5,0,5,1,60,,6730,5,,,1,20,,6717,5,0,5,1,20,,6714,5,0,5,1,60,,6719,5,0,5,1,40,,6712,5,0,5,1,101,,6721,5,0,5,1,100,,6722,5,0,5,1,100,,6720,5,0,5,1,100,,6723,5,0,5,1,100,,6718,5,0,5,1
20100,'Weekday-25',524,,6761,5,0,5,1,25,,6765,5,0,5,1,60,,6769,5,0,5,1,20,,6748,5,0,5,1,20,,6762,5,0,5,1,60,,6772,5,,,1,20,,6766,5,,,1,20,,6770,5,0,5,1,60,,6773,5,,,1,20,,6759,5,,,1,80,,6767,5,,,1,100,,6775,5,,,1,100,,6760,5,,,1,100,,6776,5,,,1,100,,6768,5,0,5,1,100,,6757,5,0,5,1,100,,6749,5,0,5,1,23,,6774,5,0,5,1,77,,6758,5,0,5,1,22,,6771,5,,,1,18,,6744,5,0,5,1,60,,6763,5,,,1,20,,6750,5,0,5,1,20,,6747,5,0,5,1,60,,6752,5,0,5,1,40,,6745,5,0,5,1,101,,6754,5,0,5,1,100,,6755,5,0,5,1,100,,6753,5,0,5,1,100,,6756,5,0,5,1,100,,6751,5,0,5,1
20100,'Weekday-26',535,,6779,5,0,5,1,70,,6781,5,0,5,1,30,,6798,5,0,5,1,70,,6778,5,,,1,30,,6780,5,,,1,70,,6799,5,0,5,1,30,,6791,5,0,5,1,100,,6783,5,,,1,100,,6782,5,,,1,100,,6800,5,,,1,100,,6777,5,,,1,100,,6802,5,,,1,100,,6797,5,,,1,100,,6789,5,,,1,70,,6801,5,,,1,30,,6796,5,,,1,70,,6784,5,0,5,1,30,,6790,5,0,5,1,70,,6792,5,0,5,1,30,,6786,5,0,5,1,100,,6794,5,0,5,1,100,,6787,5,0,5,1,100,,6795,5,0,5,1,100,,6785,5,0,5,1,100,,6793,5,0,5,1
20300,'Weekday-20',610,,7097,5,,,1,20,,7084,5,,,1,20,,7080,5,,,1,80,,7096,5,,,1,20,,7081,5,,,1,80,,7085,5,,,1,80,,7082,5,,,1,100,,7088,5,,,1,100,,7083,5,,,1,100,,7089,5,,,1,100,,7095,5,,,1,100,,7086,5,,,1,100,,7091,5,,,1,23,,7092,5,,,1,77,,7094,5,,,1,22,,7087,5,,,1,18,,7090,5,,,1,60,,7098,5,,,1,20,,7093,5,,,1,20,,7079,5,,,1,60,,7078,5,,,1,40,,7099,5,,,1
20300,'Weekday-25',610,,7116,5,,,1,20,,7110,5,,,1,20,,7106,5,,,1,80,,7115,5,,,1,20,,7107,5,,,1,80,,7123,5,,,1,80,,7108,5,,,1,100,,7124,5,,,1,100,,7109,5,,,1,100,,7125,5,,,1,100,,7114,5,,,1,100,,7128,5,,,1,100,,7127,5,,,1,23,,7111,5,,,1,77,,7113,5,,,1,22,,7129,5,,,1,18,,7126,5,,,1,60,,7117,5,,,1,20,,7112,5,,,1,20,,7105,5,,,1,60,,7104,5,,,1,40,,7118,5,,,1
20300,'Weekday-26',605,,7133,5,,,1,30,,7134,5,,,1,70,,7138,5,,,1,30,,7132,5,,,1,70,,7135,5,,,1,30,,7139,5,,,1,100,,7136,5,,,1,100,,7140,5,,,1,100,,7137,5,,,1,100,,7144,5,,,1,100,,7145,5,,,1,100,,7141,5,,,1,100,,7146,5,,,1,70,,7142,5,,,1,30,,7130,5,,,1,70,,7147,5,,,1,30,,7143,5,,,1,70,,7131,5,,,1,30,,7148,5,,,1
20400,'Weekday-20',712,,7239,4,,,1,100,,7236,4,,,1,98,,7234,4,,,1
20400,'Weekday-25',712,,7244,4,,,1,100,,7245,4,,,1
20800,'Weekday-20',609,,7354,2,,,1,20,,7356,2,,,1,20,,7358,2,,,1,60,,7361,2,,,1,20,,7355,2,,,1,20,,7357,2,,,1,60,,7359,2,,,1
20800,'Weekday-25',609,,7362,2,,,1,20,,7364,2,,,1,20,,7365,2,,,1,60,,7367,2,,,1,20,,7363,2,,,1,20,,7368,2,,,1,60,,7366,2,,,1
21100,'Weekday-20',631,,7384,2,,,1,20,,7385,2,,,1,60,,7383,2,,,1
21100,'Weekday-25',631,,7387,2,,,1,20,,7388,2,,,1,60,,7386,2,,,1
100002401,'Weekday-20',552,,8284,16,,,1,60,,8285,16,,,1,20,,8282,16,,,1,18,,8283,19,,,1,60,,8281,16,,,1,20,,8279,19,,,1,20,,8289,19,,,1,60,,8280,19,,,1,815,,8290,19,,,1,20,,8286,19,,,1,60,,8291,19,,,1,20,,8287,19,,,1,20,,8292,19,,,1,61,,8288,19,,,1,21,,8293,19,,,1
100002401,'Weekday-25',552,,8299,16,,,1,60,,8300,16,,,1,20,,8297,16,,,1,18,,8298,19,,,1,60,,8296,16,,,1,20,,8294,19,,,1,20,,8304,19,,,1,60,,8295,19,,,1,815,,8305,19,,,1,20,,8301,19,,,1,60,,8306,19,,,1,20,,8302,19,,,1,20,,8307,19,,,1,61,,8303,19,,,1,21,,8308,19,,,1
