20101,'Saturday-21',645,6,6811,23,,,1,100,6,6819,23,,,1,100,6,6810,23,,,1,100,3,6820,23,,,1,100,3,6804,23,,,1,100,3,6814,23,,,1,100,3,6805,23,,,1,100,3,6815,23,,,1,100,3,6803,23,,,1,100,3,6816,23,,,1,100,3,6807,23,,,1,100,3,6818,23,,,1,100,2,6809,23,,,1,100,2,6813,23,,,1,100,2,6806,23,,,1,98,2,6817,23,,,1,100,2,6812,23,,,1,98,,6821,23,4,,1,100,,6808,23,4,,1
20101,'Saturday-23',645,6,5538,23,,,1,100,6,5546,23,,,1,100,6,5537,23,,,1,100,3,5547,23,,,1,100,3,5531,23,,,1,100,3,5541,23,,,1,100,3,5532,23,,,1,100,3,5542,23,,,1,100,3,5530,23,,,1,100,3,5543,23,,,1,100,3,5534,23,,,1,100,3,5545,23,,,1,100,2,5536,23,,,1,100,2,5540,23,,,1,100,2,5533,23,,,1,98,2,5544,23,,,1,100,2,5539,23,,,1,98,,5548,23,4,,1,100,,5535,23,4,,1
20101,'Sunday-22',634,,6825,23,,,1,100,,6835,23,,,1,106,,6824,23,,,1,100,,6834,23,,,1,105,,6826,23,,,1,100,,6833,23,,,1,100,,6827,23,,,1,100,,6832,23,,,1,100,,6828,23,,,1,100,,6831,23,,,1,100,,6823,23,,,1,100,,6830,23,,,1,95,,6822,23,4,,1,100,,6829,23,4,,1
20101,'Sunday-62',634,,6839,23,,,1,100,,6849,23,,,1,106,,6838,23,,,1,100,,6848,23,,,1,105,,6840,23,,,1,100,,6847,23,,,1,100,,6841,23,,,1,100,,6846,23,,,1,100,,6842,23,,,1,100,,6845,23,,,1,100,,6837,23,,,1,100,,6844,23,,,1,95,,6836,23,4,,1,100,,6843,23,4,,1
20101,'Weekday-20',628,,6867,23,,,1,30,,6875,23,,,1,63,,6878,23,,,1,20,,6854,23,,,1,80,,6868,23,,,1,97,,6879,23,,,1,100,,6863,23,,,1,100,,6876,23,,,1,100,,6873,23,,,1,100,,6866,23,,,1,100,,6874,23,,,1,20,,6877,23,,,1,80,,6871,23,,,1,23,,6864,23,,,1,60,,6850,23,,,1,19,,6870,23,,,1,21,,6855,23,,,1,60,,6872,23,,,1,20,,6869,23,,,1,21,,6865,23,,,1,61,,6851,23,,,1,17,,6880,23,,,1,23,,6856,23,4,,1,63,,6853,23,,,1,25,,6859,23,,,1,69,42,6852,23,,,1,100,42,6860,23,,,1,100,42,6861,23,,,1,100,42,6857,23,,,1,58,,6862,23,4,,1,100,,6858,23,4,,1
20101,'Weekday-25',628,,6900,23,,,1,30,,6903,23,,,1,63,,6906,23,,,1,20,,6887,23,,,1,80,,6901,23,,,1,97,,6907,23,,,1,100,,6896,23,,,1,100,,6904,23,,,1,100,,6910,23,,,1,100,,6899,23,,,1,100,,6911,23,,,1,20,,6905,23,,,1,80,,6909,23,,,1,23,,6897,23,,,1,60,,6883,23,,,1,19,,6902,23,,,1,21,,6888,23,,,1,60,,6882,23,,,1,20,,6881,23,,,1,21,,6898,23,,,1,61,,6884,23,,,1,17,,6908,23,,,1,23,,6889,23,4,,1,63,,6886,23,,,1,25,,6892,23,,,1,69,42,6885,23,,,1,100,42,6893,23,,,1,100,42,6894,23,,,1,100,42,6890,23,,,1,58,,6895,23,4,,1,100,,6891,23,4,,1
20101,'Weekday-26',645,2,6914,23,,,1,70,2,6915,23,,,1,30,2,6933,23,,,1,70,2,6923,23,,,1,30,2,6913,23,,,1,75,,6934,23,4,,1,25,2,6925,23,,,1,100,2,6932,23,,,1,100,2,6917,23,,,1,100,2,6916,23,,,1,100,2,6935,23,,,1,100,2,6912,23,,,1,100,2,6936,23,,,1,70,2,6931,23,,,1,30,2,6918,23,,,1,70,2,6924,23,,,1,30,2,6937,23,,,1,68,,6919,23,,,1,30,,6926,23,,,1,70,,6927,23,,,1,30,,6920,23,,,1,100,,6928,23,,,1,100,,6921,23,,,1,100,,6929,23,,,1,100,,6922,23,4,,1,100,,6930,23,4,,1
20201,'Weekday-20',723,2,7012,12,,,1,20,2,7005,12,,,1,80,2,7023,12,,,1,97,2,7013,12,,,1,100,2,7024,12,,,1,100,2,7006,12,,,1,100,2,7020,12,,,1,100,2,7003,12,,,1,100,2,7025,12,,,1,20,2,7004,12,,,1,78,2,7022,12,,,1,25,2,7018,12,,,1,60,2,7010,12,,,1,20,2,7021,12,,,1,20,2,7019,12,,,1,60,2,7011,12,,,1,20,2,7017,12,,,1,21,2,7009,12,,,1,61,2,7008,12,,,1,17,2,7015,12,,,1,20,2,7007,12,,,1,58,42,7026,12,,,1,33,2,7014,12,,,1,25,2,7016,12,,,1
20201,'Weekday-25',723,2,7036,12,,,1,20,2,7029,12,,,1,80,2,7047,12,,,1,97,2,7037,12,,,1,100,2,7048,12,,,1,100,2,7030,12,,,1,100,2,7044,12,,,1,100,2,7027,12,,,1,100,2,7050,12,,,1,20,2,7028,12,,,1,78,2,7046,12,,,1,25,2,7042,12,,,1,60,2,7034,12,,,1,20,2,7045,12,,,1,20,2,7043,12,,,1,60,2,7035,12,,,1,20,2,7041,12,,,1,21,2,7033,12,,,1,61,2,7032,12,,,1,17,2,7039,12,,,1,20,2,7031,12,,,1,58,42,7049,12,,,1,33,2,7038,12,,,1,25,2,7040,12,,,1
20201,'Weekday-26',714,,7051,12,,,1,30,,7055,12,,,1,70,,7058,12,,,1,30,,7052,12,,,1,70,,7056,12,,,1,30,,7059,12,,,1,100,,7057,12,,,1,100,,7064,12,,,1,100,,7062,12,,,1,100,,7065,12,,,1,100,,7063,12,,,1,100,,7066,12,,,1,70,,7053,12,,,1,30,,7060,12,,,1,70,,7068,12,,,1,30,,7054,12,,,1,70,,7061,12,,,1,30,,7067,12,,,1
20301,'Saturday-21',1040,,7154,9,4,,1,100,,7159,9,4,,1,100,,7155,9,4,,1,100,,7160,9,4,,1,100,,7156,9,4,,1,100,,7161,9,4,,1,100,,7157,9,4,,1,100,,7162,9,4,,1,100,,7158,9,4,,1
20301,'Saturday-23',1040,,5708,9,4,,1,100,,5713,9,4,,1,100,,5709,9,4,,1,100,,5714,9,4,,1,100,,5710,9,4,,1,100,,5715,9,4,,1,100,,5711,9,4,,1,100,,5716,9,4,,1,100,,5712,9,4,,1
20301,'Weekday-20',721,,7179,9,,,1,20,,7167,9,,,1,80,,7169,9,,,1,97,,7172,9,,,1,100,,7165,9,,,1,100,,7170,9,,,1,100,,7166,9,,,1,100,,7171,9,,,1,100,,7178,9,,,1,20,,7176,9,,,1,80,,7168,9,,,1,105,,7173,9,,,1,78,,7175,9,,,1,22,,7177,9,,,1,80,,7174,9,,,1,17,,7180,9,,,1,38,,7164,9,,,1,73,,7163,9,,,1,27,,7181,9,4,,1,100,,7182,9,4,,1,100,,7183,9,4,,1,100,,7184,9,4,,1,100,,7185,9,4,,1
20301,'Weekday-25',721,,7195,9,,,1,20,,7191,9,,,1,80,,7202,9,,,1,97,,7205,9,,,1,100,,7189,9,,,1,100,,7203,9,,,1,100,,7190,9,,,1,100,,7204,9,,,1,100,,7194,9,,,1,20,,7186,9,,,1,80,,7208,9,,,1,105,,7206,9,,,1,78,,7192,9,,,1,22,,7193,9,,,1,80,,7207,9,,,1,17,,7196,9,,,1,38,,7188,9,,,1,73,,7187,9,,,1,27,,7197,9,4,,1,100,,7198,9,4,,1,100,,7199,9,4,,1,100,,7200,9,4,,1,100,,7201,9,4,,1
20301,'Weekday-26',713,,7212,9,,,1,30,,7214,9,,,1,70,,7218,9,,,1,30,,7213,9,,,1,77,,7215,9,4,,1,23,,7219,9,,,1,100,,7216,9,,,1,100,,7220,9,,,1,100,,7217,9,,,1,100,,7221,9,,,1,100,,7225,9,,,1,100,,7222,9,,,1,70,,7209,9,,,1,30,,7226,9,,,1,72,,7223,9,,,1,28,,7210,9,,,1,70,,7227,9,,,1,30,,7224,9,4,,1,70,,7211,9,4,,1,30,,7228,9,4,,1,100,,7229,9,4,,1,100,,7230,9,4,,1,100,,7231,9,4,,1,100,,7232,9,4,,1,100,,7233,9,4,,1
20401,'Weekday-20',1318,,7255,7,4,,1,32,,7250,7,4,,1,83,,7252,7,4,,1,100,,7248,7,4,,1,8,,7247,7,,,1,82,,7253,7,4,,1,20,,7246,7,,,1,14,,7249,7,4,,1,84,,7251,7,,,1,102,,7254,7,4,,1
20401,'Weekday-25',1541,,7256,7,,,1,102,,7258,7,,,1,98,,7259,7,,,1,102,,7257,7,4,,1
20801,'Weekday-20',1541,,7371,8,,,1,60,,7369,8,,,1,20,,7374,8,,,1,20,,7375,8,,,1,60,,7373,8,,,1,20,,7370,8,,,1,21,,7372,8,,,1
20801,'Weekday-25',1541,,7379,8,,,1,60,,7377,8,,,1,20,,7376,8,,,1,20,,7382,8,,,1,60,,7381,8,,,1,20,,7378,8,,,1,21,,7380,8,,,1
21101,'Weekday-20',1601,,7389,10,,,1,40,,7391,10,,,1,60,,7393,10,,,1,20,,7390,10,,,1,21,,7392,10,,,1
21101,'Weekday-25',1601,,7394,10,,,1,40,,7398,10,,,1,60,,7397,10,,,1,20,,7396,10,,,1,21,,7395,10,,,1
