100000900,'Weekday-20',707,,7884,8,,,1,23,,7885,8,,,1,880,,7879,8,,,1,20,,7882,8,,,1,21,,7886,8,,,1,59,,7880,8,,,1,20,,7883,8,,,1,21,,7887,8,,,1,61,,7888,8,,,1,20,,7881,8,,,1
100000900,'Weekday-25',707,,7894,8,,,1,23,,7895,8,,,1,880,,7891,8,,,1,20,,7889,8,,,1,21,,7896,8,,,1,59,,7892,8,,,1,20,,7890,8,,,1,21,,7897,8,,,1,61,,7898,8,,,1,20,,7893,8,,,1
100000900,'Weekday-26',1621,,7901,8,,,1,30,,7899,8,,,1,70,,7902,8,,,1,30,,7900,8,,,1
100003201,'Saturday-21',618,,8482,6,,,1,100,,8483,6,,,1,100,,8484,6,,,1,100,,8485,6,,,1,100,,8477,6,,,1,100,,8488,6,,,1,100,,8478,6,,,1,100,,8486,6,,,1,100,,8479,6,,,1,100,,8489,6,,,1,100,,8480,6,,,1,100,,8487,6,,,1,100,,8481,6,,,1
100003201,'Saturday-23',618,,6501,6,,,1,100,,6502,6,,,1,100,,6503,6,,,1,100,,6504,6,,,1,100,,6496,6,,,1,100,,6507,6,,,1,100,,6497,6,,,1,100,,6505,6,,,1,100,,6498,6,,,1,100,,6508,6,,,1,100,,6499,6,,,1,100,,6506,6,,,1,100,,6500,6,,,1
100003201,'Weekday-20',532,,8490,1,,,1,20,,8492,6,,,1,60,,8491,1,,,1,35,,8495,6,,,1,103,,8499,6,0,7,1,61,,8496,6,0,7,1,37,,8502,6,,,1,100,,8493,6,,,1,100,,8498,6,,,1,100,,8503,6,,,1,100,,8500,6,,,1,100,,8504,6,,,1,92,,8505,6,,,1,64,,8497,6,,,1,21,,8501,6,,,1,25,,8494,6,,,1
100003201,'Weekday-25',532,,8519,1,,,1,20,,8507,6,,,1,60,,8520,1,,,1,35,,8510,6,,,1,103,,8514,6,0,7,1,61,,8511,6,0,7,1,37,,8521,6,,,1,100,,8508,6,,,1,100,,8513,6,,,1,100,,8516,6,,,1,100,,8515,6,,,1,100,,8517,6,,,1,92,,8518,6,,,1,64,,8512,6,,,1,21,,8506,6,,,1,25,,8509,6,,,1
100003201,'Weekday-26',548,,8536,6,,,1,70,,8540,6,,,1,30,,8537,6,,,1,70,,8541,6,,,1,29,,8538,6,,,1,62,,8522,6,,,1,39,,8539,6,,,1,70,,8523,6,,,1,100,,8524,6,,,1,100,,8525,6,,,1,100,,8526,6,,,1,100,,8527,6,,,1,100,,8528,6,,,1,102,,8529,6,,,1,30,,8533,6,,,1,70,,8530,6,,,1,30,,8534,6,,,1,68,,8531,6,,,1,32,,8535,6,,,1,70,,8532,6,,,1
100003300,'Saturday-21',649,,8547,8,,,1,100,,8548,8,,,1,100,,8549,8,,,1,100,,8542,8,,,1,100,,8553,8,,,1,100,,8543,8,,,1,100,,8550,8,,,1,100,,8544,8,,,1,100,,8554,8,,,1,100,,8545,8,,,1,100,,8551,8,,,1,100,,8546,8,,,1
100003300,'Saturday-23',649,,6543,8,,,1,100,,6544,8,,,1,100,,6545,8,,,1,100,,6538,8,,,1,100,,6549,8,,,1,100,,6539,8,,,1,100,,6546,8,,,1,100,,6540,8,,,1,100,,6550,8,,,1,100,,6541,8,,,1,100,,6547,8,,,1,100,,6542,8,,,1
100003300,'Weekday-20',700,,8555,8,,,1,43,,8571,8,,,1,85,,8557,8,,,1,100,,8558,8,,,1,100,,8559,8,,,1,100,,8560,8,,,1,99,,8561,8,,,1,100,,8562,8,,,1,100,,8563,8,,,1,20,,8568,8,,,1,78,,8564,8,,,1,26,,8567,8,,,1
100003300,'Weekday-25',700,,8598,8,,,1,43,,8592,8,,,1,85,,8578,8,,,1,100,,8579,8,,,1,100,,8580,8,,,1,100,,8581,8,,,1,99,,8582,8,,,1,100,,8583,8,,,1,100,,8584,8,,,1,20,,8589,8,,,1,78,,8585,8,,,1,26,,8588,8,,,1
100003300,'Weekday-26',650,,8608,8,,,1,71,,8607,8,,,1,35,,8609,8,,,1,64,,8613,8,,,1,30,,8599,8,,,1,101,,8601,8,,,1,100,,8600,8,,,1,100,,8602,8,,,1,99,,8603,8,,,1,100,,8604,8,,,1,100,,8605,8,,,1,102,,8606,8,,,1
