20200,'Weekday-20',606,,6945,3,,,1,20,,6939,3,,,1,20,,6950,3,,,1,60,,6958,3,,,1,20,,6949,3,,,1,20,,6948,3,,,1,60,,6946,3,,,1,20,,6955,3,,,1,80,,6959,3,,,1,100,,6940,3,,,1,100,,6956,3,,,1,100,,6938,3,,,1,100,,6960,3,,,1,100,,6957,3,,,1,100,,6954,3,,,1,23,,6944,3,,,1,77,,6953,3,,,1,22,,6943,3,,,1,18,,6942,3,,,1,60,,6951,3,,,1,20,,6941,3,,,1,20,,6961,3,,,1,80,,6947,3,,,1,20,,6952,3,,,1
20200,'Weekday-25',606,,6969,3,,,1,20,,6963,3,,,1,20,,6973,3,,,1,60,,6981,3,,,1,20,,6984,3,,,1,20,,6972,3,,,1,60,,6970,3,,,1,20,,6978,3,,,1,80,,6982,3,,,1,100,,6964,3,,,1,100,,6979,3,,,1,100,,6962,3,,,1,100,,6985,3,,,1,100,,6980,3,,,1,100,,6977,3,,,1,23,,6968,3,,,1,77,,6976,3,,,1,22,,6967,3,,,1,18,,6966,3,,,1,60,,6974,3,,,1,20,,6965,3,,,1,20,,6983,3,,,1,80,,6971,3,,,1,20,,6975,3,,,1
20200,'Weekday-26',602,,6987,3,,,1,30,,6991,3,,,1,70,,6995,3,,,1,30,,6986,3,,,1,70,,6990,3,,,1,30,,6993,3,,,1,100,,6989,3,,,1,100,,6998,3,,,1,100,,6997,3,,,1,100,,6999,3,,,1,100,,6996,3,,,1,100,,7000,3,,,1,100,,6994,3,,,1,70,,7002,3,,,1,30,,6988,3,,,1,70,,6992,3,,,1,30,,7001,3,,,1
100002101,'Weekday-20',646,,8251,3,,,1,64,,8250,3,,,1,19,,8249,3,,,1
100002101,'Weekday-25',646,,8253,3,,,1,64,,8252,3,,,1,19,,8254,3,,,1
100002101,'Weekday-26',702,,8255,3,0,6,1,30,,8256,3,0,6,1,70,,8257,3,0,6,1,30,,8258,3,0,6,1,670,,8259,3,0,6,1,100,,8261,3,0,6,1,30,,8262,3,0,6,1,70,,8260,3,0,6,1
100003101,'Saturday-21',616,,8362,3,,,1,100,,8363,3,,,1,100,,8364,3,,,1,100,,8365,3,,,1,100,,8370,3,,,1,100,,8366,3,,,1,100,,8371,3,,,1,100,,8367,3,,,1,100,,8372,3,,,1,100,,8368,3,,,1,100,,8373,3,,,1,100,,8369,3,,,1,100,,8374,3,,,1
100003101,'Saturday-23',1716,,6425,3,,,1,100,,6430,3,,,1
100003101,'Weekday-20',810,,8386,3,,,1,41,,8378,3,,,1,100,,8379,3,,,1,100,,8380,3,,,1,100,,8381,3,,,1,100,,8382,3,,,1,100,,8383,3,,,1,100,,8384,3,,,1,55,,8375,3,,,1,45,,8385,3,,,1,100,,8376,3,,,1,80,,8387,3,,,1,80,,8377,3,,,1
100003101,'Weekday-25',810,,8399,3,,,1,41,,8391,3,,,1,100,,8392,3,,,1,100,,8393,3,,,1,100,,8394,3,,,1,100,,8395,3,,,1,100,,8396,3,,,1,100,,8397,3,,,1,55,,8388,3,,,1,45,,8398,3,,,1,100,,8389,3,,,1,80,,8400,3,,,1,80,,8390,3,,,1
100003101,'Weekday-26',716,,8407,3,,,1,30,,8401,3,,,1,70,,8408,3,,,1,30,,8402,3,,,1,70,,8409,3,,,1,100,,8410,3,,,1,100,,8411,3,,,1,100,,8412,3,,,1,100,,8416,3,,,1,100,,8417,3,,,1,100,,8418,3,,,1,30,,8404,3,,,1,70,,8419,3,,,1,30,,8405,3,,,1,70,,8413,3,,,1,30,,8406,3,,,1,70,,8414,3,,,1
