100000400,'Saturday-21',649,,7456,34,,,1,100,,7449,34,,,1,100,,7457,34,,,1,100,,7450,34,,,1,100,,7453,34,,,1,100,,7458,34,,,1,100,,7451,34,,,1,100,,7454,34,,,1,100,,7459,34,,,1,100,,7452,34,,,1,100,,7455,34,,,1,100,,7460,34,,,1
100000400,'Saturday-23',649,,5857,34,,,1,100,,5850,34,,,1,100,,5858,34,,,1,100,,5851,34,,,1,100,,5854,34,,,1,100,,5859,34,,,1,100,,5852,34,,,1,100,,5855,34,,,1,100,,5860,34,,,1,100,,5853,34,,,1,100,,5856,34,,,1,100,,5861,34,,,1
100000400,'Weekday-20',556,,7482,11,,,1,60,,7468,11,,,1,20,,7473,11,,,1,20,,7477,11,,,1,47,,7469,34,,,1,34,,7470,34,,,1,20,,7463,34,,,1,60,,7471,34,,,1,39,,7472,34,,,1,70,,7461,34,,,1,100,,7475,34,,,1,100,,7476,34,,,1,100,,7464,34,,,1,100,,7465,34,,,1,29,,7466,34,,,1,101,,7480,34,,,1,63,,7481,34,,,1,35,,7474,34,,,1,62,,7478,34,,,1,20,,7462,34,,,1,20,,7479,34,,,1,60,,7484,34,,,1,18,,7483,34,,,1,20,,7485,34,,,1,61,,7467,34,,,1,21,,7486,34,,,1
100000400,'Weekday-25',556,,7507,11,,,1,60,,7494,11,,,1,20,,7499,11,,,1,20,,7503,11,,,1,47,,7495,34,,,1,34,,7496,34,,,1,20,,7489,34,,,1,60,,7497,34,,,1,39,,7498,34,,,1,70,,7487,34,,,1,100,,7501,34,,,1,100,,7502,34,,,1,100,,7490,34,,,1,100,,7491,34,,,1,29,,7492,34,,,1,101,,7512,34,,,1,63,,7506,34,,,1,35,,7500,34,,,1,62,,7504,34,,,1,20,,7488,34,,,1,20,,7505,34,,,1,60,,7509,34,,,1,18,,7508,34,,,1,20,,7510,34,,,1,61,,7493,34,,,1,21,,7511,34,,,1
100000400,'Weekday-26',717,,7522,34,,,1,32,,7523,34,,,1,70,,7524,34,,,1,29,,7525,34,,,1,102,,7521,34,,,1,100,,7518,34,,,1,100,,7519,34,,,1,100,,7526,34,,,1,100,,7520,34,,,1,100,,7527,34,,,1,68,,7528,34,,,1,97,,7513,34,,,1,32,,7514,34,,,1,71,,7515,34,,,1,27,,7516,34,,,1,70,,7517,34,,,1
100000801,'Saturday-21',617,,7830,25,,,1,100,,7818,31,,,1,100,,7819,31,,,1,100,,7820,31,,,1,100,,7821,31,,,1,100,,7822,31,,,1,100,,7823,31,,,1,100,,7824,31,,,1,100,,7825,31,,,1,100,,7826,31,,,1,100,,7827,31,,,1,100,,7828,31,,,1,100,,7829,31,,,1
100000801,'Saturday-23',617,,6097,25,,,1,100,,6085,31,,,1,100,,6086,31,,,1,100,,6087,31,,,1,100,,6088,31,,,1,100,,6089,31,,,1,100,,6090,31,,,1,100,,6091,31,,,1,100,,6092,31,,,1,100,,6093,31,,,1,100,,6094,31,,,1,100,,6095,31,,,1,100,,6096,31,,,1
100000801,'Weekday-20',854,,7838,31,,,1,100,,7847,31,,,1,100,,7844,31,,,1,101,,7833,31,,,1,100,,7839,31,,,1,100,,7845,31,,,1,100,,7846,31,,,1,61,,7831,31,,,1,36,,7832,31,,,1,60,,7841,31,,,1,20,,7834,31,,,1,21,,7840,31,,,1,59,,7835,31,,,1,21,,7836,31,,,1,20,,7843,31,,,1,62,,7837,31,,,1,19,,7842,31,,,1
100000801,'Weekday-25',854,,7854,31,,,1,100,,7864,31,,,1,100,,7860,31,,,1,101,,7849,31,,,1,100,,7855,31,,,1,100,,7862,31,,,1,100,,7863,31,,,1,61,,7848,31,,,1,36,,7861,31,,,1,60,,7857,31,,,1,20,,7850,31,,,1,21,,7856,31,,,1,59,,7851,31,,,1,21,,7852,31,,,1,20,,7859,31,,,1,62,,7853,31,,,1,19,,7858,31,,,1
100000801,'Weekday-26',947,,7868,31,,,1,100,,7867,31,,,1,101,,7865,31,,,1,100,,7866,31,,,1,100,,7869,31,,,1,67,,7870,31,,,1,33,,7871,31,,,1,67,,7872,31,,,1,30,,7873,31,,,1,70,,7874,31,,,1,30,,7875,31,,,1,70,,7876,31,,,1,30,,7877,31,,,1,70,,7878,31,,,1
100001400,'Saturday-21',622,,7971,10,,,1,100,,7962,10,,,1,100,,7972,10,,,1,100,,7963,10,,,1,100,,7973,10,,,1,100,,7964,10,,,1,100,,7974,10,,,1,100,,7965,10,,,1,100,,7975,10,,,1,100,,7966,10,,,1,100,,7976,10,,,1,100,,7967,10,,,1,100,,7977,10,,,1,100,,7968,10,,,1,100,,7978,10,,,1,100,,7969,10,,,1,96,,7979,10,,,1,100,,7970,10,,,1
100001400,'Saturday-23',622,,6171,10,,,1,100,,6162,10,,,1,100,,6172,10,,,1,100,,6163,10,,,1,100,,6173,10,,,1,100,,6164,10,,,1,100,,6174,10,,,1,100,,6165,10,,,1,100,,6175,10,,,1,100,,6166,10,,,1,100,,6176,10,,,1,100,,6167,10,,,1,100,,6177,10,,,1,100,,6168,10,,,1,100,,6178,10,,,1,100,,6169,10,,,1,96,,6179,10,,,1,100,,6170,10,,,1
100001400,'Sunday-22',622,,7986,10,,,1,100,,7980,10,,,1,100,,7987,10,,,1,100,,7981,10,,,1,100,,7988,10,,,1,100,,7982,10,,,1,100,,7989,10,,,1,100,,7983,10,,,1,100,,7990,10,,,1,100,,7984,10,,,1,100,,7991,10,,,1,100,,7985,10,,,1,100,,7992,10,,,1
100001400,'Sunday-62',622,,7999,10,,,1,100,,7993,10,,,1,100,,8000,10,,,1,100,,7994,10,,,1,100,,8001,10,,,1,100,,7995,10,,,1,100,,8002,10,,,1,100,,7996,10,,,1,100,,8003,10,,,1,100,,7997,10,,,1,100,,8004,10,,,1,100,,7998,10,,,1,100,,8005,10,,,1
100001400,'Weekday-20',536,,8007,10,,,1,20,,8009,10,,,1,60,,8021,10,,,1,20,,8010,10,,,1,20,,8022,10,,,1,60,,8008,10,,,1,21,,8020,10,,,1,20,,8014,10,,,1,60,,8015,10,,,1,40,,8016,10,,,1,70,,8019,10,,,1,100,,8017,10,,,1,100,,8006,10,,,1,100,,8036,10,,,1,100,,8037,10,,,1,100,,8018,10,,,1,92,,8040,10,,,1,22,,8023,10,,,1,16,,8030,10,,,1,60,,8038,10,,,1,20,,8011,10,,,1,20,,8039,10,,,1,60,,8025,10,,,1,20,,8013,10,,,1,20,,8027,10,,,1,60,,8035,10,,,1,20,,8012,10,,,1,20,,8024,10,,,1,61,,8026,10,,,1,19,,8031,10,,,1,69,,8034,10,,,1,31,,8032,10,,,1,100,,8028,10,,,1,100,,8033,10,,,1,100,,8029,10,,,1
100001400,'Weekday-25',536,,8042,10,,,1,20,,8044,10,,,1,60,,8056,10,,,1,20,,8045,10,,,1,20,,8057,10,,,1,60,,8043,10,,,1,21,,8055,10,,,1,20,,8049,10,,,1,60,,8050,10,,,1,40,,8051,10,,,1,70,,8054,10,,,1,100,,8052,10,,,1,100,,8041,10,,,1,100,,8071,10,,,1,100,,8072,10,,,1,100,,8053,10,,,1,92,,8075,10,,,1,22,,8058,10,,,1,16,,8065,10,,,1,60,,8073,10,,,1,20,,8046,10,,,1,20,,8074,10,,,1,60,,8060,10,,,1,20,,8048,10,,,1,20,,8062,10,,,1,60,,8070,10,,,1,20,,8047,10,,,1,20,,8059,10,,,1,61,,8061,10,,,1,19,,8066,10,,,1,69,,8069,10,,,1,31,,8067,10,,,1,100,,8063,10,,,1,100,,8068,10,,,1,100,,8064,10,,,1
100001400,'Weekday-26',551,,8076,10,,,1,70,,8077,10,,,1,30,,8078,10,,,1,70,,8079,10,,,1,30,,8080,10,,,1,70,,8081,10,,,1,100,,8085,10,,,1,100,,8083,10,,,1,100,,8084,10,,,1,100,,8094,10,,,1,100,,8082,10,,,1,100,,8097,10,,,1,100,,8086,10,,,1,30,,8092,10,,,1,70,,8087,10,,,1,30,,8088,10,,,1,70,,8089,10,,,1,30,,8093,10,,,1,70,,8090,10,,,1,100,,8101,10,,,1,100,,8095,10,,,1,100,,8098,10,,,1,100,,8096,10,,,1,100,,8099,10,,,1
