100000901,'Weekday-20',558,,7906,14,,,1,60,,7907,14,,,1,20,,7909,14,,,1,20,,7911,14,,,1,60,,7913,14,,,1,20,,7910,14,,,1,20,,7912,14,,,1,60,,7903,14,,,1,820,,7904,14,,,1,20,,7908,14,,,1,60,,7914,14,,,1,20,,7905,14,,,1
100000901,'Weekday-25',558,,7919,14,,,1,60,,7920,14,,,1,20,,7921,14,,,1,20,,7923,14,,,1,60,,7925,14,,,1,20,,7922,14,,,1,20,,7924,14,,,1,60,,7916,14,,,1,820,,7917,14,,,1,20,,7915,14,,,1,60,,7926,14,,,1,20,,7918,14,,,1
100000901,'Weekday-26',554,,7935,14,,,1,70,,7930,14,,,1,30,,7927,14,,,1,70,,7931,14,,,1,30,,7934,14,,,1,900,,7932,14,,,1,70,,7928,14,,,1,30,,7933,14,,,1,70,,7929,14,,,1
100003201,'Saturday-21',621,,8482,13,,,1,100,,8483,13,,,1,100,,8484,13,,,1,100,,8485,13,,,1,100,,8477,13,,,1,100,,8488,13,,,1,100,,8478,13,,,1,100,,8486,13,,,1,100,,8479,13,,,1,100,,8489,13,,,1,100,,8480,13,,,1,100,,8487,13,,,1,100,,8481,13,,,1
100003201,'Saturday-23',621,,6501,13,,,1,100,,6502,13,,,1,100,,6503,13,,,1,100,,6504,13,,,1,100,,6496,13,,,1,100,,6507,13,,,1,100,,6497,13,,,1,100,,6505,13,,,1,100,,6498,13,,,1,100,,6508,13,,,1,100,,6499,13,,,1,100,,6506,13,,,1,100,,6500,13,,,1
100003201,'Weekday-20',536,,8490,8,,,1,20,,8492,13,,,1,60,,8491,8,,,1,35,,8495,13,,,1,107,,8499,13,0,7,1,61,,8496,13,0,7,1,35,,8502,13,,,1,99,,8493,13,,,1,100,,8498,13,,,1,101,,8503,13,,,1,97,,8500,13,,,1,103,,8504,13,,,1,93,,8505,13,,,1,66,,8497,13,,,1,16,,8501,13,,,1,25,,8494,13,,,1
100003201,'Weekday-25',536,,8519,8,,,1,20,,8507,13,,,1,60,,8520,8,,,1,35,,8510,13,,,1,107,,8514,13,0,7,1,61,,8511,13,0,7,1,35,,8521,13,,,1,99,,8508,13,,,1,100,,8513,13,,,1,101,,8516,13,,,1,97,,8515,13,,,1,103,,8517,13,,,1,93,,8518,13,,,1,66,,8512,13,,,1,16,,8506,13,,,1,25,,8509,13,,,1
100003201,'Weekday-26',552,,8536,13,,,1,70,,8540,13,,,1,30,,8537,13,,,1,70,,8541,13,,,1,32,,8538,13,,,1,60,,8522,13,,,1,40,,8539,13,,,1,69,,8523,13,,,1,100,,8524,13,,,1,100,,8525,13,,,1,101,,8526,13,,,1,97,,8527,13,,,1,103,,8528,13,,,1,101,,8529,13,,,1,29,,8533,13,,,1,70,,8530,13,,,1,30,,8534,13,,,1,68,,8531,13,,,1,31,,8535,13,,,1,70,,8532,13,,,1
100003301,'Weekday-20',1626,,8636,17,0,10,1,18,,8642,17,0,10,1,60,,8641,17,0,10,1,22,,8639,17,0,10,1,20,,8638,17,0,10,1
100003301,'Weekday-25',1626,,8652,17,0,10,1,18,,8658,17,0,10,1,60,,8657,17,0,10,1,22,,8655,17,0,10,1,20,,8654,17,0,10,1
