20101,'Saturday-21',648,,6811,24,,,1,100,,6819,24,,,1,100,,6810,24,,,1,100,,6820,24,,,1,100,,6804,24,,,1,100,,6814,24,,,1,100,,6805,24,,,1,100,,6815,24,,,1,100,,6803,24,,,1,100,,6816,24,,,1,100,,6807,24,,,1,100,,6818,24,,,1,100,,6809,24,,,1,100,,6813,24,,,1,100,,6806,24,,,1,98,,6817,24,,,1,100,,6812,24,,,1
20101,'Saturday-23',648,,5538,24,,,1,100,,5546,24,,,1,100,,5537,24,,,1,100,,5547,24,,,1,100,,5531,24,,,1,100,,5541,24,,,1,100,,5532,24,,,1,100,,5542,24,,,1,100,,5530,24,,,1,100,,5543,24,,,1,100,,5534,24,,,1,100,,5545,24,,,1,100,,5536,24,,,1,100,,5540,24,,,1,100,,5533,24,,,1,98,,5544,24,,,1,100,,5539,24,,,1
20101,'Sunday-22',637,,6825,24,,,1,100,,6835,24,,,1,106,,6824,24,,,1,100,,6834,24,,,1,105,,6826,24,,,1,100,,6833,24,,,1,100,,6827,24,,,1,100,,6832,24,,,1,100,,6828,24,,,1,100,,6831,24,,,1,100,,6823,24,,,1,100,,6830,24,,,1
20101,'Sunday-62',637,,6839,24,,,1,100,,6849,24,,,1,106,,6838,24,,,1,100,,6848,24,,,1,105,,6840,24,,,1,100,,6847,24,,,1,100,,6841,24,,,1,100,,6846,24,,,1,100,,6842,24,,,1,100,,6845,24,,,1,100,,6837,24,,,1,100,,6844,24,,,1
20101,'Weekday-20',631,,6867,24,,,1,70,,6875,24,,,1,24,,6878,24,,,1,20,,6854,24,,,1,80,,6868,24,,,1,97,,6879,24,,,1,100,,6863,24,,,1,100,,6876,24,,,1,100,,6873,24,,,1,100,,6866,24,,,1,100,,6874,24,,,1,20,,6877,24,,,1,80,,6871,24,,,1,23,,6864,24,,,1,60,,6850,24,,,1,20,,6870,24,,,1,20,,6855,24,,,1,60,,6872,24,,,1,20,,6869,24,,,1,21,,6865,24,,,1,61,,6851,24,,,1,16,,6880,24,,,1,87,,6853,24,,,1,25,,6859,24,,,1,68,,6852,24,,,1,100,,6860,24,,,1,100,,6861,24,,,1,100,,6857,24,,,1
20101,'Weekday-25',631,,6900,24,,,1,70,,6903,24,,,1,24,,6906,24,,,1,20,,6887,24,,,1,80,,6901,24,,,1,97,,6907,24,,,1,100,,6896,24,,,1,100,,6904,24,,,1,100,,6910,24,,,1,100,,6899,24,,,1,100,,6911,24,,,1,20,,6905,24,,,1,80,,6909,24,,,1,23,,6897,24,,,1,60,,6883,24,,,1,20,,6902,24,,,1,20,,6888,24,,,1,60,,6882,24,,,1,20,,6881,24,,,1,21,,6898,24,,,1,61,,6884,24,,,1,16,,6908,24,,,1,87,,6886,24,,,1,25,,6892,24,,,1,68,,6885,24,,,1,100,,6893,24,,,1,100,,6894,24,,,1,100,,6890,24,,,1
20101,'Weekday-26',648,,6914,24,,,1,70,,6915,24,,,1,30,,6933,24,,,1,70,,6923,24,,,1,30,,6913,24,,,1,100,,6925,24,,,1,100,,6932,24,,,1,100,,6917,24,,,1,100,,6916,24,,,1,100,,6935,24,,,1,100,,6912,24,,,1,100,,6936,24,,,1,70,,6931,24,,,1,30,,6918,24,,,1,70,,6924,24,,,1,30,,6937,24,,,1,69,,6919,24,,,1,29,,6926,24,,,1,70,,6927,24,,,1,30,,6920,24,,,1,100,,6928,24,,,1,100,,6921,24,,,1,100,,6929,24,,,1
20301,'Weekday-20',725,,7179,10,,,1,20,,7167,10,,,1,80,,7169,10,,,1,97,,7172,10,,,1,100,,7165,10,,,1,100,,7170,10,,,1,100,,7166,10,,,1,100,,7171,10,,,1,100,,7178,10,,,1,20,,7176,10,,,1,80,,7168,10,,,1,105,,7173,10,,,1,78,,7175,10,,,1,22,,7177,10,,,1,80,,7174,10,,,1,16,,7180,10,,,1,79,,7164,10,,,1,33,,7163,10,,,1
20301,'Weekday-25',725,,7195,10,,,1,20,,7191,10,,,1,80,,7202,10,,,1,97,,7205,10,,,1,100,,7189,10,,,1,100,,7203,10,,,1,100,,7190,10,,,1,100,,7204,10,,,1,100,,7194,10,,,1,20,,7186,10,,,1,80,,7208,10,,,1,105,,7206,10,,,1,78,,7192,10,,,1,22,,7193,10,,,1,80,,7207,10,,,1,16,,7196,10,,,1,79,,7188,10,,,1,33,,7187,10,,,1
20301,'Weekday-26',717,,7212,10,,,1,30,,7214,10,,,1,70,,7218,10,,,1,30,,7213,10,,,1,100,,7219,10,,,1,100,,7216,10,,,1,100,,7220,10,,,1,100,,7217,10,,,1,100,,7221,10,,,1,100,,7225,10,,,1,100,,7222,10,,,1,70,,7209,10,,,1,30,,7226,10,,,1,72,,7223,10,,,1,28,,7210,10,,,1,70,,7227,10,,,1
100000900,'Weekday-20',704,,7884,2,,,1,23,,7885,2,,,1,880,,7879,2,,,1,20,,7882,2,,,1,21,,7886,2,,,1,59,,7880,2,,,1,20,,7883,2,,,1,21,,7887,2,,,1,61,,7888,2,,,1,20,,7881,2,,,1
100000900,'Weekday-25',704,,7894,2,,,1,23,,7895,2,,,1,880,,7891,2,,,1,20,,7889,2,,,1,21,,7896,2,,,1,59,,7892,2,,,1,20,,7890,2,,,1,21,,7897,2,,,1,61,,7898,2,,,1,20,,7893,2,,,1
100000900,'Weekday-26',1618,,7901,2,,,1,30,,7899,2,,,1,70,,7902,2,,,1,30,,7900,2,,,1
100001300,'Weekday-20',1607,,7947,2,,,1,20,,7948,2,,,1,20,,7953,2,,,1,62,,7949,2,,,1,20,,7952,2,,,1,19,,7950,2,,,1,60,,7946,2,,,1,20,,7951,2,,,1
100001300,'Weekday-25',1607,,7955,2,,,1,20,,7956,2,,,1,20,,7961,2,,,1,62,,7957,2,,,1,20,,7960,2,,,1,19,,7958,2,,,1,60,,7954,2,,,1,20,,7959,2,,,1
100003200,'Saturday-21',647,,8421,2,,,1,100,,8422,2,,,1,100,,8423,2,,,1,100,,8429,2,,,1,100,,8425,2,,,1,100,,8426,2,,,1,100,,8430,2,,,1,100,,8431,2,,,1,100,,8427,2,,,1,100,,8428,2,,,1,100,,8432,2,,,1,100,,8433,2,,,1
100003200,'Saturday-23',647,,6457,2,,,1,100,,6458,2,,,1,100,,6459,2,,,1,100,,6465,2,,,1,100,,6461,2,,,1,100,,6462,2,,,1,100,,6466,2,,,1,100,,6467,2,,,1,100,,6463,2,,,1,100,,6464,2,,,1,100,,6468,2,,,1,100,,6469,2,,,1
100003200,'Weekday-20',701,,8434,2,,,1,27,,8437,2,,,1,97,,8438,2,,,1,99,,8443,2,,,1,100,,8435,2,,,1,100,,8440,2,,,1,100,,8444,2,,,1,101,,8441,2,,,1,100,,8445,2,,,1,20,,8442,2,,,1,77,,8446,2,,,1,25,,8439,2,,,1,87,,8436,2,,,1
100003200,'Weekday-25',701,,8448,2,,,1,27,,8451,2,,,1,97,,8452,2,,,1,99,,8459,2,,,1,100,,8449,2,,,1,100,,8454,2,,,1,100,,8456,2,,,1,101,,8455,2,,,1,100,,8457,2,,,1,20,,8447,2,,,1,77,,8458,2,,,1,25,,8453,2,,,1,87,,8450,2,,,1
100003200,'Weekday-26',647,,8474,2,,,1,70,,8472,2,,,1,30,,8475,2,,,1,70,,8473,2,,,1,30,,8460,2,,,1,100,,8461,2,,,1,100,,8462,2,,,1,100,,8463,2,,,1,100,,8464,2,,,1,101,,8465,2,,,1,100,,8466,2,,,1,100,,8467,2,,,1,70,,8470,2,,,1,32,,8468,2,,,1,68,,8471,2,,,1,29,,8469,2,,,1
100003300,'Saturday-21',647,,8547,2,,,1,100,,8548,2,,,1,100,,8549,2,,,1,100,,8542,2,,,1,100,,8553,2,,,1,100,,8543,2,,,1,100,,8550,2,,,1,100,,8544,2,,,1,100,,8554,2,,,1,100,,8545,2,,,1,100,,8551,2,,,1,100,,8546,2,,,1
100003300,'Saturday-23',647,,6543,2,,,1,100,,6544,2,,,1,100,,6545,2,,,1,100,,6538,2,,,1,100,,6549,2,,,1,100,,6539,2,,,1,100,,6546,2,,,1,100,,6540,2,,,1,100,,6550,2,,,1,100,,6541,2,,,1,100,,6547,2,,,1,100,,6542,2,,,1
100003300,'Weekday-20',657,,8555,2,,,1,83,,8571,2,,,1,85,,8557,2,,,1,100,,8558,2,,,1,100,,8559,2,,,1,100,,8560,2,,,1,99,,8561,2,,,1,100,,8562,2,,,1,100,,8563,2,,,1,20,,8568,2,,,1,77,,8564,2,,,1,26,,8567,2,,,1
100003300,'Weekday-25',657,,8598,2,,,1,83,,8592,2,,,1,85,,8578,2,,,1,100,,8579,2,,,1,100,,8580,2,,,1,100,,8581,2,,,1,99,,8582,2,,,1,100,,8583,2,,,1,100,,8584,2,,,1,20,,8589,2,,,1,77,,8585,2,,,1,26,,8588,2,,,1
100003300,'Weekday-26',647,,8608,2,,,1,71,,8607,2,,,1,32,,8609,2,,,1,67,,8613,2,,,1,30,,8599,2,,,1,101,,8601,2,,,1,100,,8600,2,,,1,100,,8602,2,,,1,99,,8603,2,,,1,100,,8604,2,,,1,100,,8605,2,,,1,101,,8606,2,,,1
