20100,'Saturday-21',530,,6664,2,0,5,1,100,,6676,2,0,5,1,100,,6669,2,0,5,1,100,,6680,2,0,5,1,100,,6668,2,0,5,1,100,,6679,2,0,5,1,100,,6672,2,0,5,1,100,,6678,2,0,5,1,100,,6666,2,0,5,1,100,,6675,2,0,5,1,100,,6673,2,0,5,1,100,,6677,2,0,5,1,100,,6671,2,0,5,1,100,,6674,2,0,5,1,100,,6665,2,0,5,1,100,,6682,2,0,5,1,100,,6670,2,0,5,1,100,,6681,2,0,5,1,100,,6667,2,0,5,1
20100,'Saturday-23',530,,5431,2,0,5,1,100,,5443,2,0,5,1,100,,5436,2,0,5,1,100,,5447,2,0,5,1,100,,5435,2,0,5,1,100,,5446,2,0,5,1,100,,5439,2,0,5,1,100,,5445,2,0,5,1,100,,5433,2,0,5,1,100,,5442,2,0,5,1,100,,5440,2,0,5,1,100,,5444,2,0,5,1,100,,5438,2,0,5,1,100,,5441,2,0,5,1,100,,5432,2,0,5,1,100,,5449,2,0,5,1,100,,5437,2,0,5,1,100,,5448,2,0,5,1,100,,5434,2,0,5,1
20100,'Sunday-22',530,,6686,2,0,5,1,100,,6692,2,0,5,1,100,,6684,2,0,5,1,100,,6691,2,0,5,1,100,,6685,2,0,5,1,100,,6695,2,0,5,1,100,,6688,2,0,5,1,100,,6693,2,0,5,1,100,,6687,2,0,5,1,100,,6696,2,0,5,1,100,,6689,2,0,5,1,100,,6694,2,0,5,1,100,,6683,2,0,5,1,100,,6690,2,0,5,1
20100,'Sunday-62',530,,6700,2,0,5,1,100,,6706,2,0,5,1,100,,6698,2,0,5,1,100,,6705,2,0,5,1,100,,6699,2,0,5,1,100,,6709,2,0,5,1,100,,6702,2,0,5,1,100,,6707,2,0,5,1,100,,6701,2,0,5,1,100,,6710,2,0,5,1,100,,6703,2,0,5,1,100,,6708,2,0,5,1,100,,6697,2,0,5,1,100,,6704,2,0,5,1
20100,'Weekday-20',520,,6728,2,0,5,1,25,,6734,2,0,5,1,60,,6738,2,0,5,1,20,,6715,2,0,5,1,20,,6729,2,0,5,1,60,,6741,2,,,1,20,,6735,2,,,1,20,,6739,2,0,5,1,60,,6742,2,,,1,20,,6726,2,,,1,80,,6736,2,,,1,100,,6732,2,,,1,100,,6727,2,,,1,100,,6733,2,,,1,100,,6737,2,0,5,1,100,,6724,2,0,5,1,100,,6716,2,0,5,1,23,,6743,2,0,5,1,77,,6725,2,0,5,1,22,,6740,2,,,1,18,,6711,2,0,5,1,60,,6730,2,,,1,20,,6717,2,0,5,1,20,,6714,2,0,5,1,60,,6719,2,0,5,1,40,,6712,2,0,5,1,100,,6721,2,0,5,1,100,,6722,2,0,5,1,100,,6720,2,0,5,1,100,,6723,2,0,5,1,100,,6718,2,0,5,1
20100,'Weekday-25',520,,6761,2,0,5,1,25,,6765,2,0,5,1,60,,6769,2,0,5,1,20,,6748,2,0,5,1,20,,6762,2,0,5,1,60,,6772,2,,,1,20,,6766,2,,,1,20,,6770,2,0,5,1,60,,6773,2,,,1,20,,6759,2,,,1,80,,6767,2,,,1,100,,6775,2,,,1,100,,6760,2,,,1,100,,6776,2,,,1,100,,6768,2,0,5,1,100,,6757,2,0,5,1,100,,6749,2,0,5,1,23,,6774,2,0,5,1,77,,6758,2,0,5,1,22,,6771,2,,,1,18,,6744,2,0,5,1,60,,6763,2,,,1,20,,6750,2,0,5,1,20,,6747,2,0,5,1,60,,6752,2,0,5,1,40,,6745,2,0,5,1,100,,6754,2,0,5,1,100,,6755,2,0,5,1,100,,6753,2,0,5,1,100,,6756,2,0,5,1,100,,6751,2,0,5,1
20100,'Weekday-26',530,,6779,2,0,5,1,70,,6781,2,0,5,1,30,,6798,2,0,5,1,70,,6778,2,,,1,30,,6780,2,,,1,70,,6799,2,0,5,1,30,,6791,2,0,5,1,100,,6783,2,,,1,100,,6782,2,,,1,100,,6800,2,,,1,100,,6777,2,,,1,100,,6802,2,,,1,100,,6797,2,,,1,100,,6789,2,,,1,70,,6801,2,,,1,30,,6796,2,,,1,70,,6784,2,0,5,1,30,,6790,2,0,5,1,70,,6792,2,0,5,1,30,,6786,2,0,5,1,100,,6794,2,0,5,1,100,,6787,2,0,5,1,100,,6795,2,0,5,1,100,,6785,2,0,5,1,100,,6793,2,0,5,1
20200,'Weekday-20',605,,6945,2,,,1,20,,6939,2,,,1,20,,6950,2,,,1,60,,6958,2,,,1,20,,6949,2,,,1,20,,6948,2,,,1,60,,6946,2,,,1,20,,6955,2,,,1,80,,6959,2,,,1,100,,6940,2,,,1,100,,6956,2,,,1,100,,6938,2,,,1,100,,6960,2,,,1,100,,6957,2,,,1,100,,6954,2,,,1,23,,6944,2,,,1,77,,6953,2,,,1,22,,6943,2,,,1,18,,6942,2,,,1,60,,6951,2,,,1,20,,6941,2,,,1,20,,6961,2,,,1,80,,6947,2,,,1,20,,6952,2,,,1
20200,'Weekday-25',605,,6969,2,,,1,20,,6963,2,,,1,20,,6973,2,,,1,60,,6981,2,,,1,20,,6984,2,,,1,20,,6972,2,,,1,60,,6970,2,,,1,20,,6978,2,,,1,80,,6982,2,,,1,100,,6964,2,,,1,100,,6979,2,,,1,100,,6962,2,,,1,100,,6985,2,,,1,100,,6980,2,,,1,100,,6977,2,,,1,23,,6968,2,,,1,77,,6976,2,,,1,22,,6967,2,,,1,18,,6966,2,,,1,60,,6974,2,,,1,20,,6965,2,,,1,20,,6983,2,,,1,80,,6971,2,,,1,20,,6975,2,,,1
20200,'Weekday-26',600,,6987,2,,,1,30,,6991,2,,,1,70,,6995,2,,,1,30,,6986,2,,,1,70,,6990,2,,,1,30,,6993,2,,,1,100,,6989,2,,,1,100,,6998,2,,,1,100,,6997,2,,,1,100,,6999,2,,,1,100,,6996,2,,,1,100,,7000,2,,,1,100,,6994,2,,,1,70,,7002,2,,,1,30,,6988,2,,,1,70,,6992,2,,,1,30,,7001,2,,,1
20300,'Weekday-20',605,,7097,2,,,1,20,,7084,2,,,1,20,,7080,2,,,1,80,,7096,2,,,1,20,,7081,2,,,1,80,,7085,2,,,1,80,,7082,2,,,1,100,,7088,2,,,1,100,,7083,2,,,1,100,,7089,2,,,1,100,,7095,2,,,1,100,,7086,2,,,1,100,,7091,2,,,1,23,,7092,2,,,1,77,,7094,2,,,1,22,,7087,2,,,1,18,,7090,2,,,1,60,,7098,2,,,1,20,,7093,2,,,1,20,,7079,2,,,1,60,,7078,2,,,1,40,,7099,2,,,1
20300,'Weekday-25',605,,7116,2,,,1,20,,7110,2,,,1,20,,7106,2,,,1,80,,7115,2,,,1,20,,7107,2,,,1,80,,7123,2,,,1,80,,7108,2,,,1,100,,7124,2,,,1,100,,7109,2,,,1,100,,7125,2,,,1,100,,7114,2,,,1,100,,7128,2,,,1,100,,7127,2,,,1,23,,7111,2,,,1,77,,7113,2,,,1,22,,7129,2,,,1,18,,7126,2,,,1,60,,7117,2,,,1,20,,7112,2,,,1,20,,7105,2,,,1,60,,7104,2,,,1,40,,7118,2,,,1
20300,'Weekday-26',600,,7133,2,,,1,30,,7134,2,,,1,70,,7138,2,,,1,30,,7132,2,,,1,70,,7135,2,,,1,30,,7139,2,,,1,100,,7136,2,,,1,100,,7140,2,,,1,100,,7137,2,,,1,100,,7144,2,,,1,100,,7145,2,,,1,100,,7141,2,,,1,100,,7146,2,,,1,70,,7142,2,,,1,30,,7130,2,,,1,70,,7147,2,,,1,30,,7143,2,,,1,70,,7131,2,,,1,30,,7148,2,,,1
100002101,'Weekday-20',645,,8251,2,,,1,64,,8250,2,,,1,19,,8249,2,,,1
100002101,'Weekday-25',645,,8253,2,,,1,64,,8252,2,,,1,19,,8254,2,,,1
100002101,'Weekday-26',700,,8255,2,0,6,1,30,,8256,2,0,6,1,70,,8257,2,0,6,1,30,,8258,2,0,6,1,670,,8259,2,0,6,1,100,,8261,2,0,6,1,30,,8262,2,0,6,1,70,,8260,2,0,6,1
100003101,'Saturday-21',615,,8362,2,,,1,100,,8363,2,,,1,100,,8364,2,,,1,100,,8365,2,,,1,100,,8370,2,,,1,100,,8366,2,,,1,100,,8371,2,,,1,100,,8367,2,,,1,100,,8372,2,,,1,100,,8368,2,,,1,100,,8373,2,,,1,100,,8369,2,,,1,100,,8374,2,,,1
100003101,'Saturday-23',615,,6418,2,,,1,100,,6419,2,,,1,100,,6420,2,,,1,100,,6421,2,,,1,100,,6426,2,,,1,100,,6422,2,,,1,100,,6427,2,,,1,100,,6423,2,,,1,100,,6428,2,,,1,100,,6424,2,,,1,100,,6429,2,,,1,100,,6425,2,,,1,100,,6430,2,,,1
100003101,'Weekday-20',809,,8386,2,,,1,41,,8378,2,,,1,100,,8379,2,,,1,100,,8380,2,,,1,100,,8381,2,,,1,100,,8382,2,,,1,100,,8383,2,,,1,100,,8384,2,,,1,55,,8375,2,,,1,45,,8385,2,,,1,100,,8376,2,,,1,80,,8387,2,,,1,80,,8377,2,,,1
100003101,'Weekday-25',809,,8399,2,,,1,41,,8391,2,,,1,100,,8392,2,,,1,100,,8393,2,,,1,100,,8394,2,,,1,100,,8395,2,,,1,100,,8396,2,,,1,100,,8397,2,,,1,55,,8388,2,,,1,45,,8398,2,,,1,100,,8389,2,,,1,80,,8400,2,,,1,80,,8390,2,,,1
100003101,'Weekday-26',715,,8407,2,,,1,30,,8401,2,,,1,70,,8408,2,,,1,30,,8402,2,,,1,70,,8409,2,,,1,100,,8410,2,,,1,100,,8411,2,,,1,100,,8412,2,,,1,100,,8416,2,,,1,100,,8417,2,,,1,100,,8418,2,,,1,30,,8404,2,,,1,70,,8419,2,,,1,30,,8405,2,,,1,70,,8413,2,,,1,30,,8406,2,,,1,70,,8414,2,,,1
100003201,'Saturday-21',615,,8482,2,,,1,100,,8483,2,,,1,100,,8484,2,,,1,100,,8485,2,,,1,100,,8477,2,,,1,100,,8488,2,,,1,100,,8478,2,,,1,100,,8486,2,,,1,100,,8479,2,,,1,100,,8489,2,,,1,100,,8480,2,,,1,100,,8487,2,,,1,100,,8481,2,,,1
100003201,'Saturday-23',615,,6501,2,,,1,100,,6502,2,,,1,100,,6503,2,,,1,100,,6504,2,,,1,100,,6496,2,,,1,100,,6507,2,,,1,100,,6497,2,,,1,100,,6505,2,,,1,100,,6498,2,,,1,100,,6508,2,,,1,100,,6499,2,,,1,100,,6506,2,,,1,100,,6500,2,,,1
100003201,'Weekday-20',545,,8492,2,,,1,99,,8495,2,,,1,101,,8499,2,0,7,1,61,,8496,2,0,7,1,39,,8502,2,,,1,100,,8493,2,,,1,100,,8498,2,,,1,100,,8503,2,,,1,100,,8500,2,,,1,100,,8504,2,,,1,90,,8505,2,,,1,24,,8497,2,,,1,61,,8501,2,,,1,25,,8494,2,,,1
100003201,'Weekday-25',545,,8507,2,,,1,99,,8510,2,,,1,101,,8514,2,0,7,1,61,,8511,2,0,7,1,39,,8521,2,,,1,100,,8508,2,,,1,100,,8513,2,,,1,100,,8516,2,,,1,100,,8515,2,,,1,100,,8517,2,,,1,90,,8518,2,,,1,24,,8512,2,,,1,61,,8506,2,,,1,25,,8509,2,,,1
100003201,'Weekday-26',545,,8536,2,,,1,70,,8540,2,,,1,30,,8537,2,,,1,70,,8541,2,,,1,30,,8538,2,,,1,60,,8522,2,,,1,40,,8539,2,,,1,70,,8523,2,,,1,100,,8524,2,,,1,100,,8525,2,,,1,100,,8526,2,,,1,100,,8527,2,,,1,100,,8528,2,,,1,100,,8529,2,,,1,30,,8533,2,,,1,70,,8530,2,,,1,30,,8534,2,,,1,70,,8531,2,,,1,30,,8535,2,,,1,70,,8532,2,,,1
