100000601,'Saturday-21',623,,7693,10,,,1,100,,7694,10,,,1,100,,7695,10,,,1,100,,7696,10,,,1,100,,7697,10,,,1,100,,7698,10,,,1,100,,7699,10,,,1,100,,7700,10,,,1,100,,7701,10,,,1,100,,7702,10,,,1,100,,7703,10,,,1,100,,7704,10,,,1,100,,7705,10,,,1
100000601,'Saturday-23',623,,6002,10,,,1,100,,6003,10,,,1,100,,6004,10,,,1,100,,6005,10,,,1,100,,6006,10,,,1,100,,6007,10,,,1,100,,6008,10,,,1,100,,6009,10,,,1,100,,6010,10,,,1,100,,6011,10,,,1,100,,6012,10,,,1,100,,6013,10,,,1,100,,6014,10,,,1
100000601,'Weekday-20',803,,7722,10,,,1,40,,7711,10,,,1,100,,7706,10,,,1,100,,7708,10,,,1,100,,7712,10,,,1,102,,7721,10,,,1,100,,7713,10,,,1,100,,7709,10,,,1,62,,7714,10,,,1,36,,7719,10,,,1,62,,7715,10,,,1,18,,7717,10,,,1,20,,7720,10,,,1,60,,7718,10,,,1,21,,7723,10,,,1,20,,7716,10,,,1,61,,7710,10,,,1,21,,7707,10,,,1
100000601,'Weekday-25',803,,7740,10,,,1,40,,7729,10,,,1,100,,7725,10,,,1,100,,7727,10,,,1,100,,7730,10,,,1,102,,7739,10,,,1,100,,7731,10,,,1,100,,7728,10,,,1,62,,7732,10,,,1,36,,7737,10,,,1,62,,7733,10,,,1,18,,7735,10,,,1,20,,7738,10,,,1,60,,7736,10,,,1,21,,7741,10,,,1,20,,7734,10,,,1,61,,7724,10,,,1,21,,7726,10,,,1
100000601,'Weekday-26',705,,7755,10,,,1,30,,7752,10,,,1,70,,7756,10,,,1,30,,7753,10,,,1,70,,7742,10,,,1,100,,7754,10,,,1,100,,7757,10,,,1,100,,7751,10,,,1,100,,7747,10,,,1,100,,7750,10,,,1,100,,7745,10,,,1,100,,7746,10,,,1,30,,7749,10,,,1,70,,7744,10,,,1,30,,7748,10,,,1,70,,7743,10,,,1
100001401,'Saturday-21',706,,8102,9,,,1,100,,8111,9,,,1,100,,8103,9,,,1,100,,8112,9,,,1,100,,8104,9,,,1,100,,8113,9,,,1,100,,8105,9,,,1,100,,8114,9,,,1,100,,8106,9,,,1,100,,8115,9,,,1,100,,8107,9,,,1,100,,8116,9,,,1,100,,8108,9,,,1,100,,8117,9,,,1,100,,8110,9,,,1,95,,8118,9,,,1,100,,8109,9,,,1
100001401,'Saturday-23',706,,6259,9,,,1,100,,6268,9,,,1,100,,6260,9,,,1,100,,6269,9,,,1,100,,6261,9,,,1,100,,6270,9,,,1,100,,6262,9,,,1,100,,6271,9,,,1,100,,6263,9,,,1,100,,6272,9,,,1,100,,6264,9,,,1,100,,6273,9,,,1,100,,6265,9,,,1,100,,6274,9,,,1,100,,6267,9,,,1,95,,6275,9,,,1,100,,6266,9,,,1
100001401,'Sunday-22',706,,8119,9,,,1,100,,8125,9,,,1,100,,8120,9,,,1,100,,8126,9,,,1,100,,8121,9,,,1,100,,8127,9,,,1,100,,8122,9,,,1,100,,8128,9,,,1,100,,8123,9,,,1,100,,8129,9,,,1,100,,8124,9,,,1,100,,8130,9,,,1
100001401,'Sunday-62',706,,8131,9,,,1,100,,8137,9,,,1,100,,8132,9,,,1,100,,8138,9,,,1,100,,8133,9,,,1,100,,8139,9,,,1,100,,8134,9,,,1,100,,8140,9,,,1,100,,8135,9,,,1,100,,8141,9,,,1,100,,8136,9,,,1,100,,8142,9,,,1
100001401,'Weekday-20',611,,8145,9,,,1,20,,8156,9,,,1,20,,8144,9,,,1,71,,8155,9,,,1,20,,8149,9,,,1,60,,8152,9,,,1,40,,8153,9,,,1,68,,8154,9,,,1,100,,8150,9,,,1,100,,8143,9,,,1,100,,8171,9,,,1,100,,8170,9,,,1,100,,8151,9,,,1,93,,8174,9,,,1,18,,8157,9,,,1,21,,8164,9,,,1,60,,8172,9,,,1,20,,8146,9,,,1,20,,8173,9,,,1,60,,8159,9,,,1,20,,8148,9,,,1,20,,8161,9,,,1,60,,8169,9,,,1,20,,8147,9,,,1,20,,8158,9,,,1,61,,8160,9,,,1,15,,8167,9,,,1,33,,8168,9,,,1,67,,8165,9,,,1,100,,8162,9,,,1,100,,8166,9,,,1,100,,8163,9,,,1
100001401,'Weekday-25',611,,8177,9,,,1,20,,8188,9,,,1,20,,8176,9,,,1,71,,8187,9,,,1,20,,8181,9,,,1,60,,8184,9,,,1,40,,8185,9,,,1,68,,8186,9,,,1,100,,8182,9,,,1,100,,8175,9,,,1,100,,8203,9,,,1,100,,8202,9,,,1,100,,8183,9,,,1,93,,8206,9,,,1,18,,8189,9,,,1,21,,8196,9,,,1,60,,8204,9,,,1,20,,8178,9,,,1,20,,8205,9,,,1,60,,8191,9,,,1,20,,8180,9,,,1,20,,8193,9,,,1,60,,8201,9,,,1,20,,8179,9,,,1,20,,8190,9,,,1,61,,8192,9,,,1,15,,8199,9,,,1,33,,8200,9,,,1,67,,8197,9,,,1,100,,8194,9,,,1,100,,8198,9,,,1,100,,8195,9,,,1
100001401,'Weekday-26',633,,8211,4,,,1,70,,8207,9,,,1,30,,8208,9,,,1,70,,8209,9,,,1,30,,8210,9,,,1,70,,8215,9,,,1,30,,8216,9,,,1,70,,8213,9,,,1,100,,8214,9,,,1,100,,8224,9,,,1,100,,8212,9,,,1,100,,8227,9,,,1,100,,8217,9,,,1,100,,8218,9,,,1,30,,8219,9,,,1,70,,8220,9,,,1,30,,8223,9,,,1,70,,8221,9,,,1,30,,8222,9,,,1,70,,8230,9,,,1,30,,8231,9,,,1,70,,8225,9,,,1,100,,8228,9,,,1,100,,8226,9,,,1,100,,8229,9,,,1
