100000901,'Weekday-20',609,,7906,29,,,1,20,,7907,29,,,1,20,,7909,29,,,1,60,,7911,29,,,1,20,,7913,29,,,1,20,,7910,29,,,1,60,,7912,29,,,1,20,,7903,29,,,1,820,,7904,29,,,1,60,,7908,29,,,1,20,,7914,29,,,1,20,,7905,29,,,1
100000901,'Weekday-25',609,,7919,29,,,1,20,,7920,29,,,1,20,,7921,29,,,1,60,,7923,29,,,1,20,,7925,29,,,1,20,,7922,29,,,1,60,,7924,29,,,1,20,,7916,29,,,1,820,,7917,29,,,1,60,,7915,29,,,1,20,,7926,29,,,1,20,,7918,29,,,1
100000901,'Weekday-26',605,,7935,29,,,1,30,,7930,29,,,1,70,,7927,29,,,1,30,,7931,29,,,1,70,,7934,29,,,1,900,,7932,29,,,1,30,,7928,29,,,1,70,,7933,29,,,1,30,,7929,29,,,1
100001201,'Weekday-20',649,,7937,21,,,1,80,,7938,21,,,1,19,,7936,21,,,1,60,,7939,21,,,1,20,,7940,21,,,1
100001201,'Weekday-25',649,,7942,21,,,1,80,,7943,21,,,1,19,,7941,21,,,1,60,,7944,21,,,1,20,,7945,21,,,1
100003201,'Saturday-21',633,,8482,31,,,1,100,,8483,31,,,1,100,,8484,31,,,1,100,,8485,31,,,1,100,,8477,31,,,1,100,,8488,31,,,1,100,,8478,31,,,1,100,,8486,31,,,1,100,,8479,31,,,1,100,,8489,31,,,1,100,,8480,31,,,1,100,,8487,31,,,1,100,,8481,31,,,1
100003201,'Saturday-23',633,,6501,31,,,1,100,,6502,31,,,1,100,,6503,31,,,1,100,,6504,31,,,1,100,,6496,31,,,1,100,,6507,31,,,1,100,,6497,31,,,1,100,,6505,31,,,1,100,,6498,31,,,1,100,,6508,31,,,1,100,,6499,31,,,1,100,,6506,31,,,1,100,,6500,31,,,1
100003201,'Weekday-20',548,,8490,26,,,1,60,,8492,31,,,1,20,,8491,26,,,1,78,,8495,31,,,1,202,,8502,31,,,1,100,,8493,31,,,1,100,,8498,31,,,1,100,,8503,31,,,1,99,,8500,31,,,1,101,,8504,31,,,1,98,,8505,31,,,1,24,,8497,31,,,1,16,,8501,31,,,1,62,,8494,31,,,1
100003201,'Weekday-25',548,,8519,26,,,1,60,,8507,31,,,1,20,,8520,26,,,1,78,,8510,31,,,1,202,,8521,31,,,1,100,,8508,31,,,1,100,,8513,31,,,1,100,,8516,31,,,1,99,,8515,31,,,1,101,,8517,31,,,1,98,,8518,31,,,1,24,,8512,31,,,1,16,,8506,31,,,1,62,,8509,31,,,1
100003201,'Weekday-26',604,,8536,31,,,1,30,,8540,31,,,1,71,,8537,31,,,1,30,,8541,31,,,1,71,,8538,31,,,1,26,,8522,31,,,1,74,,8539,31,,,1,30,,8523,31,,,1,100,,8524,31,,,1,100,,8525,31,,,1,100,,8526,31,,,1,99,,8527,31,,,1,101,,8528,31,,,1,100,,8529,31,,,1,70,,8533,31,,,1,30,,8530,31,,,1,70,,8534,31,,,1,29,,8531,31,,,1,71,,8535,31,,,1,30,,8532,31,,,1
100003301,'Saturday-21',633,,8614,30,,,1,100,,8615,30,,,1,100,,8616,30,,,1,100,,8617,30,,,1,100,,8622,30,,,1,100,,8618,30,,,1,100,,8619,30,,,1,100,,8623,30,,,1,100,,8624,30,,,1,100,,8620,30,,,1,100,,8621,30,,,1,100,,8625,30,,,1,100,,8626,30,,,1
100003301,'Saturday-23',633,,6586,30,,,1,100,,6587,30,,,1,100,,6588,30,,,1,100,,6589,30,,,1,100,,6594,30,,,1,100,,6590,30,,,1,100,,6591,30,,,1,100,,6595,30,,,1,100,,6596,30,,,1,100,,6592,30,,,1,100,,6593,30,,,1,100,,6597,30,,,1,100,,6598,30,,,1
100003301,'Weekday-20',911,,8627,30,,,1,100,,8628,30,,,1,100,,8629,30,,,1,101,,8630,30,,,1,98,,8631,30,,,1,100,,8632,30,,,1,100,,8633,30,,,1,17,,8637,30,,,1,85,,8634,30,,,1
100003301,'Weekday-25',911,,8643,30,,,1,100,,8644,30,,,1,100,,8645,30,,,1,101,,8646,30,,,1,98,,8647,30,,,1,100,,8648,30,,,1,100,,8649,30,,,1,17,,8653,30,,,1,85,,8650,30,,,1
100003301,'Weekday-26',835,,8659,30,,,1,71,,8670,30,,,1,30,,8660,30,,,1,100,,8661,30,,,1,100,,8662,30,,,1,101,,8663,30,,,1,98,,8664,30,,,1,100,,8665,30,,,1,100,,8666,30,,,1,72,,8668,30,,,1,28,,8667,30,,,1
