20100,'Weekday-20',805,,6741,28,,,1,24,,6735,28,,,1,80,,6742,28,,,1,10,,6726,28,,,1,35,,6736,28,,,1,100,,6732,28,,,1,100,,6727,28,,,1,100,,6733,28,,,1,462,,6740,28,,,1,42,,6730,28,,,1
20100,'Weekday-25',805,,6772,28,,,1,24,,6766,28,,,1,80,,6773,28,,,1,10,,6759,28,,,1,35,,6767,28,,,1,100,,6775,28,,,1,100,,6760,28,,,1,100,,6776,28,,,1,462,,6771,28,,,1,42,,6763,28,,,1
20100,'Weekday-26',748,,6778,28,,,1,73,,6780,28,,,1,200,,6783,28,,,1,100,,6782,28,,,1,101,,6800,28,,,1,100,,6777,28,,,1,100,,6802,28,,,1,101,,6797,28,,,1,100,,6789,28,,,1,30,,6801,28,,,1,71,,6796,28,,,1
20101,'Saturday-21',617,,6811,9,,,1,100,,6819,9,,,1,100,,6810,9,,,1,101,,6820,9,,,1,100,,6804,9,,,1,100,,6814,9,,,1,100,,6805,9,,,1,100,,6815,9,,,1,100,,6803,9,,,1,100,,6816,9,,,1,100,,6807,9,,,1,100,,6818,9,,,1,102,,6809,9,,,1,100,,6813,9,,,1,100,,6806,9,,,1,99,,6817,9,,,1,100,,6812,9,,,1,100,,6821,9,,,1,100,,6808,9,,,1
20101,'Saturday-23',617,,5538,9,,,1,100,,5546,9,,,1,100,,5537,9,,,1,101,,5547,9,,,1,100,,5531,9,,,1,100,,5541,9,,,1,100,,5532,9,,,1,100,,5542,9,,,1,100,,5530,9,,,1,100,,5543,9,,,1,100,,5534,9,,,1,100,,5545,9,,,1,102,,5536,9,,,1,100,,5540,9,,,1,100,,5533,9,,,1,99,,5544,9,,,1,100,,5539,9,,,1,100,,5548,9,,,1,100,,5535,9,,,1
20101,'Sunday-22',610,,6825,9,,,1,100,,6835,9,,,1,106,,6824,9,,,1,100,,6834,9,,,1,102,,6826,9,,,1,100,,6833,9,,,1,100,,6827,9,,,1,100,,6832,9,,,1,100,,6828,9,,,1,100,,6831,9,,,1,100,,6823,9,,,1,100,,6830,9,,,1,99,,6822,9,,,1,100,,6829,9,,,1
20101,'Sunday-62',610,,6839,9,,,1,100,,6849,9,,,1,106,,6838,9,,,1,100,,6848,9,,,1,102,,6840,9,,,1,100,,6847,9,,,1,100,,6841,9,,,1,100,,6846,9,,,1,100,,6842,9,,,1,100,,6845,9,,,1,100,,6837,9,,,1,100,,6844,9,,,1,99,,6836,9,,,1,100,,6843,9,,,1
20101,'Weekday-20',600,,6867,9,,,1,30,,6875,9,,,1,21,,6878,9,,,1,60,,6854,9,,,1,23,,6868,9,,,1,115,,6879,9,,,1,103,,6863,9,,,1,100,,6876,9,,,1,100,,6873,9,,,1,95,,6866,9,,,1,99,,6874,9,,,1,10,,6877,9,,,1,93,,6871,9,,,1,54,,6864,9,,,1,16,,6850,9,,,1,18,,6870,9,,,1,64,,6855,9,,,1,16,,6872,9,,,1,24,,6869,9,,,1,61,,6865,9,,,1,36,,6851,9,,,1,12,,6880,9,,,1,66,,6856,9,,,1,24,,6853,9,,,1,60,,6859,9,,,1,30,,6852,9,,,1,100,,6860,9,,,1,100,,6861,9,,,1,100,,6857,9,,,1,100,,6862,9,,,1,100,,6858,9,,,1
20101,'Weekday-25',600,,6900,9,,,1,30,,6903,9,,,1,21,,6906,9,,,1,60,,6887,9,,,1,23,,6901,9,,,1,115,,6907,9,,,1,103,,6896,9,,,1,100,,6904,9,,,1,100,,6910,9,,,1,95,,6899,9,,,1,99,,6911,9,,,1,10,,6905,9,,,1,93,,6909,9,,,1,54,,6897,9,,,1,16,,6883,9,,,1,18,,6902,9,,,1,64,,6888,9,,,1,16,,6882,9,,,1,24,,6881,9,,,1,61,,6898,9,,,1,36,,6884,9,,,1,12,,6908,9,,,1,66,,6889,9,,,1,24,,6886,9,,,1,60,,6892,9,,,1,30,,6885,9,,,1,100,,6893,9,,,1,100,,6894,9,,,1,100,,6890,9,,,1,100,,6895,9,,,1,100,,6891,9,,,1
20101,'Weekday-26',615,,6914,9,,,1,30,,6915,9,,,1,76,,6933,9,,,1,29,,6923,9,,,1,67,,6913,9,,,1,41,,6934,9,,,1,59,,6925,9,,,1,100,,6932,9,,,1,100,,6917,9,,,1,100,,6916,9,,,1,100,,6935,9,,,1,100,,6912,9,,,1,100,,6936,9,,,1,29,,6931,9,,,1,65,,6918,9,,,1,39,,6924,9,,,1,70,,6937,9,,,1,33,,6919,9,,,1,70,,6926,9,,,1,34,,6927,9,,,1,58,,6920,9,,,1,100,,6928,9,,,1,100,,6921,9,,,1,100,,6929,9,,,1,100,,6922,9,,,1,100,,6930,9,,,1
20801,'Weekday-20',1508,,7371,6,,,1,14,,7369,6,,,1,24,,7374,6,,,1,57,,7375,6,,,1,29,,7373,6,,,1,13,,7370,6,,,1,68,,7372,6,,,1
20801,'Weekday-25',1508,,7379,6,,,1,14,,7377,6,,,1,24,,7376,6,,,1,57,,7382,6,,,1,29,,7381,6,,,1,13,,7378,6,,,1,68,,7380,6,,,1
