20101,'Saturday-21',650,,6811,26,,,1,100,,6819,26,,,1,100,,6810,26,,,1,100,,6820,26,,,1,100,,6804,26,,,1,100,,6814,26,,,1,100,,6805,26,,,1,100,,6815,26,,,1,100,,6803,26,,,1,100,,6816,26,,,1,100,,6807,26,,,1,100,,6818,26,,,1,100,,6809,26,,,1,101,,6813,26,,,1,100,,6806,26,,,1,97,,6817,26,,,1,100,,6812,26,,,1
20101,'Saturday-23',650,,5538,26,,,1,100,,5546,26,,,1,100,,5537,26,,,1,100,,5547,26,,,1,100,,5531,26,,,1,100,,5541,26,,,1,100,,5532,26,,,1,100,,5542,26,,,1,100,,5530,26,,,1,100,,5543,26,,,1,100,,5534,26,,,1,100,,5545,26,,,1,100,,5536,26,,,1,101,,5540,26,,,1,100,,5533,26,,,1,97,,5544,26,,,1,100,,5539,26,,,1
20101,'Sunday-22',639,,6825,26,,,1,100,,6835,26,,,1,106,,6824,26,,,1,100,,6834,26,,,1,105,,6826,26,,,1,100,,6833,26,,,1,100,,6827,26,,,1,100,,6832,26,,,1,100,,6828,26,,,1,100,,6831,26,,,1,100,,6823,26,,,1,100,,6830,26,,,1
20101,'Sunday-62',639,,6839,26,,,1,100,,6849,26,,,1,106,,6838,26,,,1,100,,6848,26,,,1,105,,6840,26,,,1,100,,6847,26,,,1,100,,6841,26,,,1,100,,6846,26,,,1,100,,6842,26,,,1,100,,6845,26,,,1,100,,6837,26,,,1,100,,6844,26,,,1
20101,'Weekday-20',634,,6867,26,,,1,70,,6875,26,,,1,24,,6878,26,,,1,20,,6854,26,,,1,80,,6868,26,,,1,97,,6879,26,,,1,100,,6863,26,,,1,100,,6876,26,,,1,100,,6873,26,,,1,100,,6866,26,,,1,100,,6874,26,,,1,20,,6877,26,,,1,80,,6871,26,,,1,23,,6864,26,,,1,60,,6850,26,,,1,20,,6870,26,,,1,20,,6855,26,,,1,60,,6872,26,,,1,20,,6869,26,,,1,21,,6865,26,,,1,61,,6851,26,,,1,16,,6880,26,,,1,87,,6853,26,,,1,25,,6859,26,,,1,67,,6852,26,,,1,100,,6860,26,,,1,100,,6861,26,,,1,100,,6857,26,,,1
20101,'Weekday-25',634,,6900,26,,,1,70,,6903,26,,,1,24,,6906,26,,,1,20,,6887,26,,,1,80,,6901,26,,,1,97,,6907,26,,,1,100,,6896,26,,,1,100,,6904,26,,,1,100,,6910,26,,,1,100,,6899,26,,,1,100,,6911,26,,,1,20,,6905,26,,,1,80,,6909,26,,,1,23,,6897,26,,,1,60,,6883,26,,,1,20,,6902,26,,,1,20,,6888,26,,,1,60,,6882,26,,,1,20,,6881,26,,,1,21,,6898,26,,,1,61,,6884,26,,,1,16,,6908,26,,,1,87,,6886,26,,,1,25,,6892,26,,,1,67,,6885,26,,,1,100,,6893,26,,,1,100,,6894,26,,,1,100,,6890,26,,,1
20101,'Weekday-26',651,,6914,26,,,1,70,,6915,26,,,1,30,,6933,26,,,1,70,,6923,26,,,1,30,,6913,26,,,1,100,,6925,26,,,1,100,,6932,26,,,1,100,,6917,26,,,1,100,,6916,26,,,1,100,,6935,26,,,1,100,,6912,26,,,1,100,,6936,26,,,1,70,,6931,26,,,1,30,,6918,26,,,1,70,,6924,26,,,1,30,,6937,26,,,1,69,,6919,26,,,1,29,,6926,26,,,1,70,,6927,26,,,1,30,,6920,26,,,1,100,,6928,26,,,1,100,,6921,26,,,1,100,,6929,26,,,1
20301,'Weekday-20',728,,7179,12,,,1,20,,7167,12,,,1,80,,7169,12,,,1,97,,7172,12,,,1,100,,7165,12,,,1,100,,7170,12,,,1,100,,7166,12,,,1,100,,7171,12,,,1,100,,7178,12,,,1,20,,7176,12,,,1,80,,7168,12,,,1,105,,7173,12,,,1,78,,7175,12,,,1,22,,7177,12,,,1,80,,7174,12,,,1,16,,7180,12,,,1,79,,7164,12,,,1,33,,7163,12,,,1
20301,'Weekday-25',728,,7195,12,,,1,20,,7191,12,,,1,80,,7202,12,,,1,97,,7205,12,,,1,100,,7189,12,,,1,100,,7203,12,,,1,100,,7190,12,,,1,100,,7204,12,,,1,100,,7194,12,,,1,20,,7186,12,,,1,80,,7208,12,,,1,105,,7206,12,,,1,78,,7192,12,,,1,22,,7193,12,,,1,80,,7207,12,,,1,16,,7196,12,,,1,79,,7188,12,,,1,33,,7187,12,,,1
20301,'Weekday-26',720,,7212,12,,,1,30,,7214,12,,,1,70,,7218,12,,,1,30,,7213,12,,,1,100,,7219,12,,,1,100,,7216,12,,,1,100,,7220,12,,,1,100,,7217,12,,,1,100,,7221,12,,,1,100,,7225,12,,,1,100,,7222,12,,,1,70,,7209,12,,,1,30,,7226,12,,,1,72,,7223,12,,,1,28,,7210,12,,,1,70,,7227,12,,,1
20401,'Weekday-20',1548,,7247,9,,,1,101,,7246,9,,,1,99,,7251,9,,,1
20401,'Weekday-25',1548,,7256,9,,,1,101,,7258,9,,,1,99,,7259,9,,,1
20801,'Weekday-20',1548,,7371,10,,,1,60,,7369,10,,,1,20,,7374,10,,,1,20,,7375,10,,,1,60,,7373,10,,,1,20,,7370,10,,,1,21,,7372,10,,,1
20801,'Weekday-25',1548,,7379,10,,,1,60,,7377,10,,,1,20,,7376,10,,,1,20,,7382,10,,,1,60,,7381,10,,,1,20,,7378,10,,,1,21,,7380,10,,,1
21101,'Weekday-20',1608,,7389,12,,,1,40,,7391,12,,,1,60,,7393,12,,,1,20,,7390,12,,,1,21,,7392,12,,,1
21101,'Weekday-25',1608,,7394,12,,,1,40,,7398,12,,,1,60,,7397,12,,,1,20,,7396,12,,,1,21,,7395,12,,,1
