20101,'Saturday-21',635,,6811,22,,,1,100,,6819,22,,,1,100,,6810,22,,,1,103,,6820,22,,,1,100,,6804,22,,,1,100,,6814,22,,,1,100,,6805,22,,,1,100,,6815,22,,,1,100,,6803,22,,,1,100,,6816,22,,,1,100,,6807,22,,,1,100,,6818,22,,,1,101,,6809,22,,,1,100,,6813,22,,,1,100,,6806,22,,,1,98,,6817,22,,,1,100,,6812,22,,,1,100,,6821,22,,,1,100,,6808,22,,,1
20101,'Saturday-23',635,,5538,22,,,1,100,,5546,22,,,1,100,,5537,22,,,1,103,,5547,22,,,1,100,,5531,22,,,1,100,,5541,22,,,1,100,,5532,22,,,1,100,,5542,22,,,1,100,,5530,22,,,1,100,,5543,22,,,1,100,,5534,22,,,1,100,,5545,22,,,1,101,,5536,22,,,1,100,,5540,22,,,1,100,,5533,22,,,1,98,,5544,22,,,1,100,,5539,22,,,1,100,,5548,22,,,1,100,,5535,22,,,1
20101,'Sunday-22',629,,6825,22,,,1,100,,6835,22,,,1,106,,6824,22,,,1,100,,6834,22,,,1,104,,6826,22,,,1,100,,6833,22,,,1,100,,6827,22,,,1,100,,6832,22,,,1,100,,6828,22,,,1,100,,6831,22,,,1,100,,6823,22,,,1,100,,6830,22,,,1,97,,6822,22,,,1,100,,6829,22,,,1
20101,'Sunday-62',629,,6839,22,,,1,100,,6849,22,,,1,106,,6838,22,,,1,100,,6848,22,,,1,104,,6840,22,,,1,100,,6847,22,,,1,100,,6841,22,,,1,100,,6846,22,,,1,100,,6842,22,,,1,100,,6845,22,,,1,100,,6837,22,,,1,100,,6844,22,,,1,97,,6836,22,,,1,100,,6843,22,,,1
20101,'Weekday-20',622,,6867,22,,,1,30,,6875,22,,,1,64,,6878,22,,,1,21,,6854,22,,,1,74,,6868,22,,,1,101,,6879,22,,,1,101,,6863,22,,,1,100,,6876,22,,,1,100,,6873,22,,,1,99,,6866,22,,,1,99,,6874,22,,,1,18,,6877,22,,,1,83,,6871,22,,,1,21,,6864,22,,,1,19,,6850,22,,,1,59,,6870,22,,,1,21,,6855,22,,,1,19,,6872,22,,,1,61,,6869,22,,,1,22,,6865,22,,,1,24,,6851,22,,,1,56,,6880,22,,,1,25,,6856,22,,,1,62,,6853,22,,,1,24,,6859,22,,,1,27,,6852,22,,,1,100,,6860,22,,,1,100,,6861,22,,,1,100,,6857,22,,,1,100,,6862,22,,,1,100,,6858,22,,,1
20101,'Weekday-25',622,,6900,22,,,1,30,,6903,22,,,1,64,,6906,22,,,1,21,,6887,22,,,1,74,,6901,22,,,1,101,,6907,22,,,1,101,,6896,22,,,1,100,,6904,22,,,1,100,,6910,22,,,1,99,,6899,22,,,1,99,,6911,22,,,1,18,,6905,22,,,1,83,,6909,22,,,1,21,,6897,22,,,1,19,,6883,22,,,1,59,,6902,22,,,1,21,,6888,22,,,1,19,,6882,22,,,1,61,,6881,22,,,1,22,,6898,22,,,1,24,,6884,22,,,1,56,,6908,22,,,1,25,,6889,22,,,1,62,,6886,22,,,1,24,,6892,22,,,1,27,,6885,22,,,1,100,,6893,22,,,1,100,,6894,22,,,1,100,,6890,22,,,1,100,,6895,22,,,1,100,,6891,22,,,1
20101,'Weekday-26',637,,6914,22,,,1,70,,6915,22,,,1,32,,6933,22,,,1,70,,6923,22,,,1,29,,6913,22,,,1,78,,6934,22,,,1,22,,6925,22,,,1,100,,6932,22,,,1,100,,6917,22,,,1,100,,6916,22,,,1,100,,6935,22,,,1,100,,6912,22,,,1,100,,6936,22,,,1,70,,6931,22,,,1,29,,6918,22,,,1,72,,6924,22,,,1,30,,6937,22,,,1,70,,6919,22,,,1,30,,6926,22,,,1,72,,6927,22,,,1,26,,6920,22,,,1,100,,6928,22,,,1,100,,6921,22,,,1,100,,6929,22,,,1,100,,6922,22,,,1,100,,6930,22,,,1
20201,'Weekday-20',716,,7012,11,,,1,20,,7005,11,,,1,80,,7023,11,,,1,97,,7013,11,,,1,101,,7024,11,,,1,100,,7006,11,,,1,100,,7020,11,,,1,100,,7003,11,,,1,99,,7025,11,,,1,20,,7004,11,,,1,78,,7022,11,,,1,23,,7018,11,,,1,19,,7010,11,,,1,60,,7021,11,,,1,21,,7019,11,,,1,20,,7011,11,,,1,62,,7017,11,,,1,21,,7009,11,,,1,21,,7008,11,,,1,57,,7015,11,,,1,20,,7007,11,,,1,18,,7026,11,,,1,73,,7014,11,,,1,25,,7016,11,,,1
20201,'Weekday-25',716,,7036,11,,,1,20,,7029,11,,,1,80,,7047,11,,,1,97,,7037,11,,,1,101,,7048,11,,,1,100,,7030,11,,,1,100,,7044,11,,,1,100,,7027,11,,,1,99,,7050,11,,,1,20,,7028,11,,,1,78,,7046,11,,,1,23,,7042,11,,,1,19,,7034,11,,,1,60,,7045,11,,,1,21,,7043,11,,,1,20,,7035,11,,,1,62,,7041,11,,,1,21,,7033,11,,,1,21,,7032,11,,,1,57,,7039,11,,,1,20,,7031,11,,,1,18,,7049,11,,,1,73,,7038,11,,,1,25,,7040,11,,,1
20201,'Weekday-26',708,,7051,11,,,1,30,,7055,11,,,1,70,,7058,11,,,1,30,,7052,11,,,1,70,,7056,11,,,1,31,,7059,11,,,1,100,,7057,11,,,1,100,,7064,11,,,1,100,,7062,11,,,1,100,,7065,11,,,1,100,,7063,11,,,1,100,,7066,11,,,1,70,,7053,11,,,1,30,,7060,11,,,1,70,,7068,11,,,1,29,,7054,11,,,1,70,,7061,11,,,1,30,,7067,11,,,1
20301,'Saturday-21',1035,,7154,8,,,1,100,,7159,8,,,1,100,,7155,8,,,1,100,,7160,8,,,1,100,,7156,8,,,1,100,,7161,8,,,1,100,,7157,8,,,1,100,,7162,8,,,1,100,,7158,8,,,1
20301,'Saturday-23',1035,,5708,8,,,1,100,,5713,8,,,1,100,,5709,8,,,1,100,,5714,8,,,1,100,,5710,8,,,1,100,,5715,8,,,1,100,,5711,8,,,1,100,,5716,8,,,1,100,,5712,8,,,1
20301,'Weekday-20',715,,7179,8,,,1,20,,7167,8,,,1,80,,7169,8,,,1,99,,7172,8,,,1,99,,7165,8,,,1,100,,7170,8,,,1,101,,7166,8,,,1,99,,7171,8,,,1,101,,7178,8,,,1,17,,7176,8,,,1,82,,7168,8,,,1,102,,7173,8,,,1,38,,7175,8,,,1,64,,7177,8,,,1,40,,7174,8,,,1,57,,7180,8,,,1,38,,7164,8,,,1,73,,7163,8,,,1,28,,7181,8,,,1,99,,7182,8,,,1,100,,7183,8,,,1,100,,7184,8,,,1,100,,7185,8,,,1
20301,'Weekday-25',715,,7195,8,,,1,20,,7191,8,,,1,80,,7202,8,,,1,99,,7205,8,,,1,99,,7189,8,,,1,100,,7203,8,,,1,101,,7190,8,,,1,99,,7204,8,,,1,101,,7194,8,,,1,17,,7186,8,,,1,82,,7208,8,,,1,102,,7206,8,,,1,38,,7192,8,,,1,64,,7193,8,,,1,40,,7207,8,,,1,57,,7196,8,,,1,38,,7188,8,,,1,73,,7187,8,,,1,28,,7197,8,,,1,99,,7198,8,,,1,100,,7199,8,,,1,100,,7200,8,,,1,100,,7201,8,,,1
20301,'Weekday-26',707,,7212,8,,,1,30,,7214,8,,,1,70,,7218,8,,,1,30,,7213,8,,,1,77,,7215,8,,,1,23,,7219,8,,,1,100,,7216,8,,,1,100,,7220,8,,,1,100,,7217,8,,,1,100,,7221,8,,,1,100,,7225,8,,,1,100,,7222,8,,,1,70,,7209,8,,,1,30,,7226,8,,,1,72,,7223,8,,,1,29,,7210,8,,,1,69,,7227,8,,,1,30,,7224,8,,,1,70,,7211,8,,,1,30,,7228,8,,,1,100,,7229,8,,,1,100,,7230,8,,,1,100,,7231,8,,,1,100,,7232,8,,,1,100,,7233,8,,,1
