20100,'Saturday-21',547,,6664,11,0,5,1,102,,6676,11,0,5,1,100,,6669,11,0,5,1,100,,6680,11,0,5,1,101,,6668,11,0,5,1,100,,6679,11,0,5,1,100,,6672,11,0,5,1,100,,6678,11,0,5,1,100,,6666,11,0,5,1,100,,6675,11,0,5,1,100,,6673,11,0,5,1,100,,6677,11,0,5,1,100,,6671,11,0,5,1,100,,6674,11,0,5,1,98,,6665,11,0,5,1,100,,6682,11,0,5,1,100,,6670,11,0,5,1,100,,6681,11,0,5,1,100,,6667,11,0,5,1
20100,'Saturday-23',547,,5431,11,0,5,1,102,,5443,11,0,5,1,100,,5436,11,0,5,1,100,,5447,11,0,5,1,101,,5435,11,0,5,1,100,,5446,11,0,5,1,100,,5439,11,0,5,1,100,,5445,11,0,5,1,100,,5433,11,0,5,1,100,,5442,11,0,5,1,100,,5440,11,0,5,1,100,,5444,11,0,5,1,100,,5438,11,0,5,1,100,,5441,11,0,5,1,98,,5432,11,0,5,1,100,,5449,11,0,5,1,100,,5437,11,0,5,1,100,,5448,11,0,5,1,100,,5434,11,0,5,1
20100,'Sunday-22',546,,6686,11,0,5,1,100,,6692,11,0,5,1,102,,6684,11,0,5,1,100,,6691,11,0,5,1,100,,6685,11,0,5,1,100,,6695,11,0,5,1,100,,6688,11,0,5,1,100,,6693,11,0,5,1,100,,6687,11,0,5,1,100,,6696,11,0,5,1,100,,6689,11,0,5,1,100,,6694,11,0,5,1,100,,6683,11,0,5,1,100,,6690,11,0,5,1
20100,'Sunday-62',546,,6700,11,0,5,1,100,,6706,11,0,5,1,102,,6698,11,0,5,1,100,,6705,11,0,5,1,100,,6699,11,0,5,1,100,,6709,11,0,5,1,100,,6702,11,0,5,1,100,,6707,11,0,5,1,100,,6701,11,0,5,1,100,,6710,11,0,5,1,100,,6703,11,0,5,1,100,,6708,11,0,5,1,100,,6697,11,0,5,1,100,,6704,11,0,5,1
20100,'Weekday-20',535,,6728,11,0,5,1,70,,6734,11,0,5,1,20,,6738,11,0,5,1,20,,6715,11,0,5,1,61,,6729,11,0,5,1,22,,6741,11,,,1,22,,6735,11,,,1,60,,6739,11,0,5,1,20,,6742,11,,,1,17,,6726,11,,,1,80,,6736,11,,,1,100,,6732,11,,,1,100,,6727,11,,,1,100,,6733,11,,,1,100,,6737,11,0,5,1,100,,6724,11,0,5,1,101,,6716,11,0,5,1,21,,6743,11,0,5,1,79,,6725,11,0,5,1,18,,6740,11,,,1,60,,6711,11,0,5,1,22,,6730,11,,,1,18,,6717,11,0,5,1,61,,6714,11,0,5,1,20,,6719,11,0,5,1,78,,6712,11,0,5,1,100,,6721,11,0,5,1,100,,6722,11,0,5,1,100,,6720,11,0,5,1,100,,6723,11,0,5,1,100,,6718,11,0,5,1
20100,'Weekday-25',535,,6761,11,0,5,1,70,,6765,11,0,5,1,20,,6769,11,0,5,1,20,,6748,11,0,5,1,61,,6762,11,0,5,1,22,,6772,11,,,1,22,,6766,11,,,1,60,,6770,11,0,5,1,20,,6773,11,,,1,17,,6759,11,,,1,80,,6767,11,,,1,100,,6775,11,,,1,100,,6760,11,,,1,100,,6776,11,,,1,100,,6768,11,0,5,1,100,,6757,11,0,5,1,101,,6749,11,0,5,1,21,,6774,11,0,5,1,79,,6758,11,0,5,1,18,,6771,11,,,1,60,,6744,11,0,5,1,22,,6763,11,,,1,18,,6750,11,0,5,1,61,,6747,11,0,5,1,20,,6752,11,0,5,1,78,,6745,11,0,5,1,100,,6754,11,0,5,1,100,,6755,11,0,5,1,100,,6753,11,0,5,1,100,,6756,11,0,5,1,100,,6751,11,0,5,1
20100,'Weekday-26',550,,6779,11,0,5,1,70,,6781,11,0,5,1,30,,6798,11,0,5,1,71,,6778,11,,,1,30,,6780,11,,,1,71,,6799,11,0,5,1,28,,6791,11,0,5,1,100,,6783,11,,,1,100,,6782,11,,,1,100,,6800,11,,,1,100,,6777,11,,,1,100,,6802,11,,,1,100,,6797,11,,,1,101,,6789,11,,,1,70,,6801,11,,,1,30,,6796,11,,,1,70,,6784,11,0,5,1,30,,6790,11,0,5,1,71,,6792,11,0,5,1,28,,6786,11,0,5,1,100,,6794,11,0,5,1,100,,6787,11,0,5,1,100,,6795,11,0,5,1,100,,6785,11,0,5,1,100,,6793,11,0,5,1
20200,'Weekday-20',845,,6955,15,,,1,80,,6959,15,,,1,100,,6940,15,,,1,100,,6956,15,,,1,101,,6938,15,,,1,100,,6960,15,,,1,100,,6957,15,,,1,100,,6954,15,,,1,23,,6944,15,,,1,78,,6953,15,,,1,24,,6943,15,,,1,56,,6942,15,,,1,20,,6951,15,,,1,18,,6941,15,,,1,60,,6961,15,,,1,40,,6947,15,,,1,60,,6952,15,,,1
20200,'Weekday-25',845,,6978,15,,,1,80,,6982,15,,,1,100,,6964,15,,,1,100,,6979,15,,,1,101,,6962,15,,,1,100,,6985,15,,,1,100,,6980,15,,,1,100,,6977,15,,,1,23,,6968,15,,,1,78,,6976,15,,,1,24,,6967,15,,,1,56,,6966,15,,,1,20,,6974,15,,,1,18,,6965,15,,,1,60,,6983,15,,,1,40,,6971,15,,,1,60,,6975,15,,,1
20200,'Weekday-26',850,,6993,15,,,1,100,,6989,15,,,1,100,,6998,15,,,1,100,,6997,15,,,1,101,,6999,15,,,1,100,,6996,15,,,1,100,,7000,15,,,1,100,,6994,15,,,1,71,,7002,15,,,1,32,,6988,15,,,1,68,,6992,15,,,1,28,,7001,15,,,1
