100000700,'Saturday-21',647,,7758,28,,,1,100,,7759,28,,,1,100,,7760,28,,,1,100,,7761,28,,,1,100,,7766,28,,,1,100,,7762,28,,,1,100,,7767,28,,,1,100,,7763,28,,,1,100,,7768,28,,,1,100,,7764,28,,,1,100,,7769,28,,,1,100,,7765,28,,,1
100000700,'Saturday-23',647,,6046,28,,,1,100,,6047,28,,,1,100,,6048,28,,,1,100,,6049,28,,,1,100,,6054,28,,,1,100,,6050,28,,,1,100,,6055,28,,,1,100,,6051,28,,,1,100,,6056,28,,,1,100,,6052,28,,,1,100,,6057,28,,,1,100,,6053,28,,,1
100000700,'Weekday-20',553,,7771,20,,,1,60,,7773,20,,,1,20,,7775,20,,,1,20,,7777,20,,,1,60,,7783,28,,,1,20,,7776,28,,,1,20,,7772,28,,,1,60,,7778,28,,,1,40,,7779,28,,,1,100,,7774,28,,,1,100,,7780,28,,,1,100,,7770,28,,,1,100,,7782,28,,,1,100,,7781,28,,,1
100000700,'Weekday-25',553,,7785,20,,,1,60,,7787,20,,,1,20,,7789,20,,,1,20,,7791,20,,,1,60,,7796,28,,,1,20,,7790,28,,,1,20,,7786,28,,,1,60,,7792,28,,,1,40,,7793,28,,,1,100,,7788,28,,,1,100,,7794,28,,,1,100,,7784,28,,,1,100,,7797,28,,,1,100,,7795,28,,,1
100000700,'Weekday-26',545,,7817,20,,,1,70,,7816,20,,,1,30,,7809,20,,,1,70,,7810,28,,,1,30,,7811,28,,,1,70,,7812,28,,,1,30,,7813,28,,,1,70,,7814,28,,,1,100,,7815,28,,,1,100,,7798,28,,,1,100,,7799,28,,,1,100,,7801,28,,,1,100,,7800,28,,,1,100,,7802,28,,,1,30,,7803,28,,,1,70,,7804,28,,,1,30,,7805,28,,,1,70,,7806,28,,,1,30,,7807,28,,,1,70,,7808,28,,,1
100000801,'Saturday-21',613,,7830,21,,,1,100,,7818,27,,,1,100,,7819,27,,,1,100,,7820,27,,,1,100,,7821,27,,,1,100,,7822,27,,,1,100,,7823,27,,,1,100,,7824,27,,,1,100,,7825,27,,,1,100,,7826,27,,,1,100,,7827,27,,,1,100,,7828,27,,,1,100,,7829,27,,,1
100000801,'Saturday-23',613,,6097,21,,,1,100,,6085,27,,,1,100,,6086,27,,,1,100,,6087,27,,,1,100,,6088,27,,,1,100,,6089,27,,,1,100,,6090,27,,,1,100,,6091,27,,,1,100,,6092,27,,,1,100,,6093,27,,,1,100,,6094,27,,,1,100,,6095,27,,,1,100,,6096,27,,,1
100000801,'Weekday-20',850,,7838,27,,,1,100,,7847,27,,,1,100,,7844,27,,,1,101,,7833,27,,,1,100,,7839,27,,,1,100,,7845,27,,,1,100,,7846,27,,,1,60,,7831,27,,,1,36,,7832,27,,,1,60,,7841,27,,,1,20,,7834,27,,,1,21,,7840,27,,,1,59,,7835,27,,,1,22,,7836,27,,,1,19,,7843,27,,,1,62,,7837,27,,,1,19,,7842,27,,,1
100000801,'Weekday-25',850,,7854,27,,,1,100,,7864,27,,,1,100,,7860,27,,,1,101,,7849,27,,,1,100,,7855,27,,,1,100,,7862,27,,,1,100,,7863,27,,,1,60,,7848,27,,,1,36,,7861,27,,,1,60,,7857,27,,,1,20,,7850,27,,,1,21,,7856,27,,,1,59,,7851,27,,,1,22,,7852,27,,,1,19,,7859,27,,,1,62,,7853,27,,,1,19,,7858,27,,,1
100000801,'Weekday-26',943,,7868,27,,,1,100,,7867,27,,,1,101,,7865,27,,,1,100,,7866,27,,,1,100,,7869,27,,,1,66,,7870,27,,,1,34,,7871,27,,,1,66,,7872,27,,,1,30,,7873,27,,,1,70,,7874,27,,,1,30,,7875,27,,,1,70,,7876,27,,,1,30,,7877,27,,,1,70,,7878,27,,,1
